11.0971793437 9.37205657354 1
11.4460766168 6.86981404558 1
10.2759858054 8.77584989752 1
11.6731062219 5.46654450807 1
8.53508553923 5.0025787777 1
15.6210296974 8.56457887614 1
10.5130695538 14.0175255979 1
14.5512490396 7.85718047915 1
14.1126199123 13.6737333944 1
6.05756831561 13.0315319691 1
10.375941383 11.20361534 1
10.9173183268 9.76724932973 1
10.3098130815 15.4677792609 1
8.68602552366 14.977210688 1
7.80587232353 15.2833132256 1
5.96970285609 6.82994380551 1
9.10292906832 6.57623560113 1
8.63507629831 6.62531543872 1
10.0598511782 14.5925423568 1
8.62201248923 8.97867660197 1
12.9541975966 13.3534275926 1
14.1062073602 6.01079823921 1
14.854562461 9.01962104364 1
13.8423349447 11.6817719717 1
10.469341313 8.64041787728 1
15.291622874 9.9868489207 1
11.8429786557 14.9383978744 1
7.1245112228 9.09647548007 1
4.92080082561 8.2025799061 1
5.12760505999 7.4161505995 1
15.2775812441 10.4438495071 1
6.56683821294 14.3729594619 1
6.83501363268 11.4654795816 1
8.73401064611 13.1388758938 1
7.24918668898 10.5223723849 1
15.5374637725 11.3520118598 1
5.14588469586 7.69807761155 1
6.31022078372 13.0296615451 1
13.8270459443 7.96626553551 1
9.6139100537 13.2033311497 1
8.79762389702 13.8848383235 1
12.9449008589 5.43079802541 1
12.0262212108 5.67565078657 1
10.7083185655 14.909509217 1
14.1868004863 10.3815308333 1
7.78607384651 8.73612358164 1
13.3049419396 9.22838234183 1
5.48790943812 13.1282624999 1
8.39208613137 14.8067642129 1
14.5295325885 7.88046168698 1
9.22104606388 15.7839868963 1
12.9209269433 6.36317319698 1
9.30327500246 13.2981594031 1
7.57614175048 9.93915517284 1
10.4364413649 13.1909572674 1
13.9083325175 8.67660399094 1
13.3591422414 9.56291429032 1
8.49944559938 12.0603925166 1
10.2693914938 8.93851636095 1
13.4613602867 8.87168069413 1
15.9046149101 11.0604801356 1
14.1866455839 10.7942447999 1
12.4697631801 8.67513957035 1
8.4082851091 12.5682049031 1
6.78738746229 14.5525309398 1
5.99204824222 9.99666926 1
8.56850070548 10.8809206577 1
8.86950170192 15.8031764813 1
9.02560797537 4.27772467195 1
14.3729093026 11.5874921446 1
13.8696470505 12.5183551865 1
10.863406155 8.91765967994 1
7.7921210486 11.5808758943 1
8.26107632047 8.37252603037 1
11.6407942114 13.5884512188 1
7.50192739044 14.1994701719 1
7.4178686789 11.5908265479 1
9.89210055665 9.70313666554 1
14.1225531122 7.38935301093 1
12.1880960207 5.6917810889 1
9.35294589764 6.12093685161 1
14.304802809 9.99574522888 1
5.83004686029 11.0369464243 1
14.2871042502 8.5939197587 1
8.4392346088 10.2576867324 1
9.29256572278 8.30206281707 1
10.7101462879 15.0777159868 1
7.19336758857 6.61220135933 1
7.28373480981 6.66394191771 1
11.1252769326 15.7278419459 1
5.58262189803 7.16723328914 1
7.70382524971 9.58551709305 1
5.07135548972 12.3904880395 1
9.00609581022 12.1783539054 1
7.869352515 14.1751050667 1
7.47268374803 12.5111169167 1
9.72890182649 11.4839852012 1
7.2488042016 15.223148015 1
6.15013785273 13.825538917 1
14.0265116225 5.64286108777 1
12.5656560339 12.5481351543 1
9.57657414741 14.7965600284 1
10.8634719345 5.04735852048 1
12.5071979723 9.47601773244 1
10.9935804962 6.55426131291 1
12.4486007028 9.36808103755 1
6.58440722248 5.08230732433 1
14.9949908423 6.70086226626 1
6.93948299385 6.34131813368 1
11.74605331 11.9274930051 1
12.0044039736 12.3320584503 1
6.39839000473 7.98614291886 1
13.1505524544 6.60025659453 1
7.48908244864 8.02941037091 1
8.14936127304 14.7731488547 1
8.09633424912 5.73193077295 1
9.63126314201 15.1168875339 1
13.699871483 5.31429830252 1
9.8633195459 9.9836071303 1
7.64843642907 13.332161815 1
12.3156654597 5.54287139225 1
11.8050077979 8.50479007606 1
10.3294529203 15.7236730328 1
8.64095806503 5.26527098509 1
6.99071890055 7.67874710222 1
10.3990558542 11.2647429029 1
6.26067540905 14.2957645607 1
7.89378672718 8.22215604846 1
14.2311998976 10.1682299426 1
10.5196669685 15.172915832 1
9.63678249514 9.52458633523 1
13.3495274781 10.6729997136 1
6.88016600334 5.65702030459 1
12.3683223232 8.1084742504 1
11.2274461011 7.17928449297 1
5.39669982451 7.23913658527 1
7.12660593088 13.3928352637 1
11.2574558304 4.45059689426 1
8.11163732073 11.8075197315 1
6.31061772246 5.9219271468 1
8.10400713004 13.0622043107 1
13.9522318709 7.43447718996 1
14.7294745438 12.2842708541 1
9.26142355553 6.64888346491 1
13.0252117821 14.8668894136 1
12.9078002702 14.377604878 1
9.24016627769 4.22541003442 1
8.35541633484 8.73175517508 1
9.39132670909 6.53011684624 1
6.16114496254 13.7299541687 1
5.6998252366 13.9308180715 1
8.84209232745 8.01344391368 1
12.2562987256 13.4154671771 1
12.0238293184 14.1737168427 1
14.9766607965 12.7685608815 1
9.61792000303 6.00468670385 1
9.86122851772 10.2031642912 1
13.3441201563 7.32609474755 1
15.8091564412 10.7749353408 1
9.32557637165 14.6520545755 1
4.15203024371 11.0792143365 1
8.50153040822 7.0130169376 1
10.9494521369 6.16091276142 1
14.1104485737 10.7883916007 1
6.0977293853 7.22227848686 1
6.14292548213 14.1751084504 1
5.99784327134 10.8464455766 1
8.92239640684 5.8765375336 1
7.88729351735 11.0658287549 1
6.41323201052 5.19500615922 1
8.50105060576 8.17633556417 1
5.71812069606 13.5559455313 1
7.13173215136 6.09448951393 1
13.1883992723 5.41353652542 1
6.94794635463 7.48588567282 1
11.7423089056 5.70343570339 1
8.12337329478 5.41564396177 1
11.6560418385 7.57299355878 1
12.803276878 5.23093589511 1
9.69859871146 15.4514178749 1
12.5931645409 9.28846499362 1
5.95807337376 10.4616197108 1
14.0970018099 13.430600913 1
9.30522984069 14.894937215 1
10.2786422637 12.8550957621 1
8.34180816473 6.50709097319 1
6.94593944951 7.41824024189 1
11.5455020981 12.9569273265 1
5.82011699899 7.36620127933 1
7.40145575665 5.48939057137 1
15.6108085935 10.2440424356 1
11.6709354373 15.4470668326 1
13.6365431295 13.7677141613 1
13.3065523692 9.30459951786 1
14.2947359905 9.5138994038 1
10.0344534233 4.03861183268 1
8.23804495988 4.34787092188 1
14.7813267901 8.12906683549 1
15.0967709554 9.45235353022 1
14.4798455396 9.90189294621 1
10.8877843574 11.7645042814 1
10.5375289176 14.573500398 1
9.20997282915 7.62444924357 1
13.5269441731 7.97843384338 1
6.25152660572 7.47360533572 1
12.1801353755 13.3742580121 1
7.03175264657 8.41535892577 1
10.9873713443 14.2899308569 1
7.80080803859 6.76373331244 1
9.27059620294 8.93765151397 1
6.08928153048 6.13410547274 1
8.78422963823 13.6717145453 1
12.2535728574 6.48728378291 1
11.4008485078 11.9920592421 1
13.5198234391 5.51094114583 1
11.5209209719 6.31744941888 1
4.7844283463 12.3270952083 1
6.1064268146 12.9512368565 1
13.1335961775 8.72539751109 1
6.71267228609 9.33262223409 1
12.3232283097 13.4482560031 1
13.1692132726 14.3244959684 1
11.0224648957 10.7704434362 1
14.0189889606 8.55956283662 1
8.02210779716 14.4406271159 1
12.9583949634 7.51114785611 1
10.0983074775 11.9084118737 1
12.1646586125 9.79908335097 1
10.959170585 7.46382626344 1
8.38781780332 12.5232092581 1
14.8843308686 9.8553773731 1
9.52651094665 4.63660172215 1
5.84734593067 12.4079044866 1
5.44189076213 12.0521602971 1
9.75879859778 8.85148327224 1
8.82356608867 9.92471135824 1
8.19865865642 11.7629854194 1
13.8052237789 11.7269380593 1
14.2336314927 6.12290285596 1
15.3076724616 11.4371835941 1
8.66607779799 9.286564543 1
9.12732851305 12.3270919278 1
9.21730097058 12.126040686 1
9.79239799497 15.7630894336 1
9.32373988277 15.5314288878 1
6.74383991885 5.28332799339 1
10.8572189189 13.3739030842 1
12.2877288869 6.04240702407 1
12.9467365287 13.0628416662 1
8.04230990773 4.59529612942 1
7.34091266947 11.1969478914 1
11.8586256471 4.73433478454 1
12.0493066317 11.4910876329 1
12.0451648874 5.98724012567 1
7.98393968168 7.23106421759 1
14.173176342 8.85473616486 1
12.868654226 7.08086611157 1
12.1933829568 10.4856402077 1
11.3047442157 13.69216798 1
10.0509637685 9.77966713991 1
10.8262678247 10.1760773783 1
11.3257880638 8.97969734796 1
14.1961121843 10.5718691707 1
5.50734638257 8.9651980156 1
8.29248850805 8.79669635189 1
8.9306596436 7.47432553877 1
10.790851364 14.4313204658 1
9.74208359782 7.94416543679 1
9.21601206622 4.91876741223 1
13.9332058621 12.1243586511 1
8.30667081999 11.8976937829 1
8.14343116405 15.2432560628 1
9.75897261598 7.90040318733 1
12.0146037005 9.13080997207 1
13.8689204573 12.081339185 1
12.0784043696 9.13984365616 1
9.66915101391 14.4068611644 1
4.65000479692 11.173349071 1
7.23666379472 8.64491743146 1
14.1718843266 8.79410965291 1
12.1588541948 11.0423468742 1
6.16390133888 6.98975497141 1
12.107154588 12.6453490446 1
10.7667650428 6.64484337021 1
5.23596566041 9.26616031327 1
6.05188951693 11.0720201014 1
6.8076107783 10.3342393461 1
9.62532923663 6.35655140129 1
11.4243608477 4.32941433073 1
12.754820169 10.8430127672 1
12.6293120968 13.6133052799 1
7.76846337326 12.0839188611 1
7.80047722824 6.02364976317 1
12.9145966177 6.09856065774 1
10.9434220137 12.9750386753 1
10.2679346609 12.7469497486 1
10.0801796425 6.11633141531 1
12.2301711944 10.6439190179 1
5.87502274174 12.9558740195 1
9.04008291941 15.2951043319 1
4.89332141929 12.2175724716 1
11.1566952455 7.17577197935 1
11.0602073877 5.07152239185 1
8.68180337598 15.5011579364 1
5.10496208907 13.1585395857 1
8.22084079169 9.02068879339 1
10.9084091364 5.82459776392 1
4.86428411285 8.96263172542 1
10.3236395397 7.09242151892 1
9.90604745588 6.50427708326 1
10.6133016219 5.9084693857 1
5.97939128449 11.6928074528 1
10.9550731801 5.51784313322 1
8.12893070588 14.7544391172 1
5.5427552996 13.6996161132 1
12.7626089177 7.62007684473 1
11.2860434863 7.61331880206 1
9.57768050815 6.84208519603 1
8.41125729861 7.21245613878 1
8.33537167119 11.7517452078 1
14.0609955899 9.9223543408 1
10.5469368443 6.77744250872 1
13.117670757 14.5617959124 1
11.4177197892 4.70376320859 1
14.7946185312 9.68918880105 1
7.6068463132 6.89889041937 1
13.1507135449 7.00766334518 1
15.0217304367 8.83557897409 1
9.37718420534 13.4761682466 1
14.560649014 9.6571326249 1
4.15548500176 8.96559674112 1
8.48877707621 6.01357274143 1
13.1811185065 10.7416646467 1
4.57083760985 12.1742167497 1
10.0435540808 13.1098008824 1
14.1215018935 12.250124466 1
6.23969074601 13.3679515049 1
4.9254796037 7.38898837446 1
5.23624487766 8.65847563604 1
15.2247506232 10.3309757628 1
6.22752415333 13.864466884 1
7.30956398106 11.3603137946 1
8.38267878417 13.9663785107 1
11.2029541298 7.02457854459 1
9.99475752407 8.35942934761 1
6.21006459305 9.57881505227 1
8.18559733611 5.43468665741 1
9.56470051603 13.1929117576 1
7.74604280177 8.31064616799 1
10.7229280876 15.5419902069 1
7.82737868193 5.09259402852 1
10.5844167749 4.56312687887 1
11.5579614905 8.31427975136 1
7.02342099444 12.4764364721 1
13.085370017 11.4405567265 1
12.4765448438 14.1835380212 1
11.2855315981 11.5292112028 1
9.68060942581 9.97653512501 1
9.49023648076 12.5302281923 1
13.8315435784 7.3882996985 1
8.60038513486 8.70721181915 1
11.3334748304 9.91093827712 1
5.99867271431 9.02254824162 1
8.96898422323 13.535509336 1
12.767449557 10.9806965649 1
5.18245306155 9.87908735546 1
13.1281286189 7.32018192008 1
6.47837021441 13.9341024375 1
9.87806328694 14.8137549561 1
15.3710180608 11.0934492415 1
13.5549056059 11.4837551481 1
6.85425258965 7.93526429889 1
11.0870472203 7.30142985697 1
5.68405524222 7.63331210562 1
7.75232357569 7.0915951948 1
12.0066928832 5.63604136113 1
6.27655885224 9.34859095186 1
8.90616053124 9.84797081765 1
6.86535868904 6.6023721021 1
14.2415214523 10.9338854646 1
8.01846153853 9.90432831216 1
8.95579459071 6.72079981368 1
7.94162133719 14.8035832603 1
4.62639185077 10.290854408 1
10.8524989973 6.53609676509 1
8.76364011038 10.1269029826 1
9.67497280881 11.4807840614 1
5.74450036053 8.74491261978 1
15.0393233513 11.3828134753 1
13.2076241236 13.8998175166 1
9.5562041741 4.73248526562 1
11.5553060188 15.641249334 1
13.9260139997 11.3848611058 1
4.66666225099 12.2321666803 1
8.94318128152 14.0796431122 1
6.22477453731 11.8260926992 1
6.99346805563 14.2777652656 1
13.2110170656 5.54886372116 1
5.95800213322 10.1828651481 1
14.1497638915 8.04954910408 1
10.1649365755 13.0532510507 1
9.94037063474 14.6648041311 1
12.615307965 12.2999824743 1
10.7512200181 11.725239322 1
7.62236980418 7.43421305225 1
9.99966228698 4.26460544819 1
7.73595006653 11.9296359506 1
9.78606384334 8.22808479191 1
13.2176157405 10.6131075102 1
14.6170990417 10.7498205678 1
7.09928484134 10.3861251413 1
6.46474517265 12.7652133002 1
8.91718851611 11.8576342317 1
9.29484008537 5.44408889996 1
8.45551417524 8.1322109548 1
7.84225117645 11.1758470876 1
13.9002330648 12.0143803291 1
15.6555787044 8.60143296824 1
7.49711226016 6.94429488192 1
6.00884463692 13.9425282001 1
6.47291721581 9.83599535533 1
9.82295325781 11.7777931232 1
11.5305710689 10.0475079033 1
7.31090641569 14.4283317329 1
8.89834347084 8.27174619931 1
14.6768156076 13.5516626865 1
11.2667536961 14.410833493 1
10.0556424975 15.7125424075 1
13.3438014866 11.1113723435 1
6.65935432688 7.89322264578 1
8.68110580431 10.8811410943 1
13.2632211458 14.3829423653 1
13.5589435489 6.97771445603 1
4.50281452795 12.2308361468 1
6.63006309436 11.6360032669 1
10.8319301324 11.7247060944 1
7.63523653231 12.8278623274 1
7.80105957262 6.27099903864 1
7.95031447025 14.3938516738 1
5.71413061326 7.43003477392 1
12.7816498373 9.77768694877 1
6.27352777151 7.985887177 1
8.02428590339 14.4367927992 1
5.75618779214 13.90198193 1
4.9789318736 11.1243107871 1
8.32138913528 4.57781510944 1
5.05491350786 12.7071104999 1
10.7659116699 4.30623539557 1
12.8529647814 7.4353501118 1
9.97649322531 5.48127332886 1
13.7687963842 6.99158768446 1
11.9923261786 5.94661547224 1
4.8290979116 9.55578936978 1
8.72776217791 13.3821699055 1
14.9457652813 12.2816614312 1
13.2703013408 13.0969331541 1
10.1064260474 9.22649450284 1
11.273813339 13.8054706542 1
9.19502584768 10.5867268159 1
14.9657004138 10.863412356 1
14.1812283951 13.3270646652 1
11.8487901641 4.4106755823 1
11.1828357006 7.66281372638 1
6.11629760232 8.7174282677 1
6.48945350275 5.39168403355 1
8.96448233295 11.7496843814 1
8.07000226909 7.81960259576 1
11.3109003458 11.5684412862 1
14.9803200327 10.2270655952 1
5.95579777709 5.88143283397 1
7.8089872035 8.97313224577 1
12.014597779 6.85323850529 1
12.5282829885 13.2069216741 1
10.3622256881 11.3737884776 1
9.19155364852 8.16764631631 1
6.25661761164 6.01251591865 1
7.79406425461 9.35716649674 1
4.45654877107 11.4995075717 1
14.3618570212 13.1553185744 1
15.5477143233 8.18624494834 1
9.89766312016 10.8817239976 1
5.18165115336 9.04228055053 1
13.8704981479 9.33764868115 1
11.9459751567 6.18327585485 1
9.06454231264 6.83279496714 1
10.8428456948 9.14045093655 1
12.1159183082 7.62872529689 1
8.13092993668 15.061431649 1
10.7478306454 6.40943895598 1
5.65917949488 13.7334917499 1
5.44816624831 8.93644486061 1
14.0109464181 13.1729649026 1
14.3128008292 10.1068027248 1
8.50644825799 14.2855338383 1
9.36861854979 6.83556859134 1
12.698954794 13.2444043086 1
12.1260860371 10.0079003357 1
8.87713726872 15.815272988 1
9.66761033188 5.6635631336 1
11.0611499557 15.7901020555 1
12.4989596701 5.83855732193 1
11.5981667287 10.5462231389 1
12.1494172679 13.8689208678 1
6.91893593781 11.2164559131 1
12.8512114875 14.5409420275 1
11.6827785297 7.4580832911 1
12.1855293168 14.128187751 1
6.7477874585 8.10175651251 1
9.58089112303 13.8318740355 1
7.41158220973 6.3426883505 1
14.6908304861 11.7252442999 1
12.0990968434 11.098319845 1
12.1145543117 8.71045700712 1
10.4930181866 14.6768974633 1
6.62819915987 10.5727025545 1
12.6586213323 13.0211034216 1
7.26119108991 13.3815987691 1
8.0331026021 11.2312645585 1
10.6051062299 7.24268763395 1
10.5243500702 7.51988558373 1
5.24897148945 7.13575627968 1
11.6055082841 13.8611582311 1
15.3192117411 10.8717602989 1
6.34764609215 14.3653740774 1
12.5678694796 12.8370150883 1
6.30408497074 9.81451477963 1
7.61619618744 12.6119624071 1
4.20586473693 10.3676657697 1
12.1067632925 13.2265124823 1
9.43004566595 10.6467634245 1
13.0522697411 8.91089819952 1
11.0384779557 10.0408461092 1
7.89638501759 4.71278647252 1
13.8784808439 14.1555421197 1
8.71740197018 15.2403715059 1
15.4788091806 11.4473893485 1
6.64412403811 13.3096605442 1
12.7921780216 5.40053321644 1
12.3531068912 10.664940365 1
15.3282199951 10.7858630797 1
14.1612065506 10.8097288708 1
13.2616963221 5.70217149865 1
8.26330854845 15.5095309758 1
15.268832434 10.9230439759 1
15.4254006096 11.1328081286 1
11.2939910456 15.0481563861 1
11.8525455899 11.75457185 1
9.03755676546 10.4449643944 1
5.75032942315 6.6109974446 1
8.69373085618 7.08261434295 1
9.31356829037 8.13745001758 1
12.5626293433 5.74502534789 1
7.64510691043 9.33543092766 1
11.186620686 10.0709899272 1
11.5922281712 9.32986290124 1
5.37874102409 7.11514595314 1
4.66692953519 12.246497505 1
7.03115939415 14.7008142008 1
11.5596973441 9.38708007165 1
15.187528491 10.7951931235 1
7.59976214336 6.58988568849 1
4.50685923871 11.3023866291 1
8.59948415197 11.2655425082 1
7.0210942062 11.2371741146 1
12.0894381 8.82836311193 1
9.14621896623 9.91646766852 1
12.9716086033 14.6271014378 1
5.13097519712 12.4558904646 1
7.7794620792 10.4004642892 1
12.1998467177 13.2268793707 1
4.60795545646 10.693575155 1
13.0438339492 15.0480492614 1
6.39962130278 12.9540793284 1
4.79024207712 9.67166031398 1
9.10535476058 6.88007908534 1
12.9955819506 11.2092187543 1
10.9785825672 6.6673305335 1
13.4565350833 7.51338789925 1
13.2807205001 11.6230078693 1
12.9035049711 5.42973890404 1
14.7313763764 12.3723012375 1
4.50964005493 12.255457918 1
4.76378126452 12.6564146135 1
5.17009030324 9.14482370165 1
6.92706737721 13.0260051603 1
10.1881790792 12.5017165872 1
13.9216832619 6.61426155613 1
11.1425637852 5.95461780912 1
8.72941198916 13.9003607106 1
14.8443678613 8.80347498142 1
13.2025624832 9.69837575334 1
9.41927126318 14.1202734993 1
12.9972093312 8.97349176029 1
8.47114826999 7.24259721069 1
14.2333272052 9.47962472232 1
6.50526372398 8.06326141091 1
6.28324550248 11.2186509313 1
7.58325011977 13.673721155 1
9.78636864072 6.05906749447 1
5.98319528773 8.2582026881 1
15.6500969056 9.93162945913 1
6.95530496836 8.46105705775 1
13.0513338881 8.82764647333 1
4.63405571759 8.5436364497 1
8.55524081324 9.27181632865 1
11.2410113023 6.47063343399 1
6.63255309709 8.34905541816 1
6.0678489951 8.87288422164 1
14.0606419191 8.03653786406 1
6.58278659074 11.2062929193 1
9.22343966854 10.477864154 1
7.23203646661 15.0615032338 1
7.62613582183 7.92475488302 1
13.0016481812 9.32216891908 1
11.8392534211 10.0805203992 1
8.95590927311 8.69740631335 1
8.94459721399 10.7772540013 1
5.15518842042 13.5118912532 1
8.7316999874 6.55714241201 1
10.3445991521 8.0585462678 1
7.56707134828 15.0644527105 1
9.11910863898 7.87712456991 1
7.32132231721 7.74497662497 1
9.93706672065 6.59553175781 1
14.5878137455 8.21415692681 1
15.6434992018 11.9453344192 1
10.0644350466 4.85425190063 1
7.91287390851 13.5286240975 1
10.0585581006 4.9914789357 1
11.6002998428 4.31072036556 1
14.2041838269 13.3022754141 1
9.99985295242 10.48706831 1
5.3849335583 8.54455882327 1
7.73112555615 13.8456820529 1
7.70734917359 8.95155700576 1
8.4492449166 6.09980841792 1
12.7927946575 11.7453653914 1
12.8396329454 13.8893959502 1
8.26156564972 5.96078512578 1
8.33347927111 6.18041670871 1
9.72108742111 12.6784682897 1
6.66208292216 13.6523411018 1
13.6903126262 7.92637393213 1
12.0976324239 4.9222893407 1
8.17927831984 10.2364475038 1
10.4047986654 14.9550642649 1
9.10554316432 4.81255455559 1
5.33680072008 7.12423081445 1
9.78511114193 6.33152113018 1
8.91738136062 8.08041214031 1
10.8130086415 11.5555622589 1
12.5174061588 4.97818933597 1
13.6290754332 6.12799314815 1
7.55450532802 11.4203005769 1
7.88922671001 7.74442516013 1
8.06877598749 12.580352926 1
8.68923160741 8.97863080414 1
10.5323123979 7.33531652382 1
10.5294745768 12.4947741634 1
13.0607552177 6.09712679686 1
10.2252394875 9.36133614584 1
14.0137048122 6.25278740055 1
6.1684593337 12.0964008443 1
15.0524322109 12.1781346673 1
10.2308196298 13.01365262 1
6.6592413349 6.5954412668 1
13.1329234861 14.4358540998 1
7.20815316639 6.27274832045 1
14.6989105569 9.80440144773 1
5.74657487871 10.2436849691 1
13.8593391681 8.62170537619 1
9.49428854482 6.70395270985 1
5.23733542309 7.78906014432 1
11.2534114088 7.40077672363 1
13.6275865476 11.6450184902 1
6.24799408831 12.1227923333 1
10.7692530356 10.1546983808 1
7.30028988732 14.7467596656 1
15.7008615175 9.10534690381 1
8.55344149635 8.72693409341 1
12.5937328785 11.7911266622 1
5.60226815208 12.6320131102 1
11.6198516776 13.4580154773 1
15.1754023951 7.53352675067 1
9.70845270301 6.91408351896 1
13.5206768207 14.259995484 1
10.8772495363 12.6558466965 1
13.6816336817 6.44887909366 1
14.3771935535 9.93120364847 1
9.18522157043 10.0087647931 1
8.35055070242 12.1521015452 1
11.0084486652 11.8118126068 1
12.8314973442 5.76181914325 1
8.43374496081 5.91435972154 1
14.5689597853 8.65980615786 1
5.87914065798 7.43289866194 1
9.92963388547 5.26694017946 1
11.5662242389 12.5114139226 1
7.9949452095 7.01548693125 1
11.0119936291 14.5481364424 1
14.4579613955 13.3083941888 1
9.1418681653 8.98074705155 1
8.76457658044 11.6465200018 1
7.19159816495 5.92070024602 1
12.9100572514 9.85975052485 1
11.4952287606 5.72329514452 1
8.24264775692 12.2769732875 1
15.0302365141 12.8575928179 1
10.176340239 6.72215443489 1
7.32363716388 4.6372662732 1
12.2234189014 15.0501121827 1
10.8518763073 15.4546866797 1
13.3252978672 10.5136073893 1
5.64874140034 12.0086867897 1
5.03647455139 12.7601025373 1
6.49633820527 11.4160019043 1
12.0943313026 6.03908618736 1
15.8383383522 10.1336708491 1
5.23966771943 11.2862253139 1
14.2630462476 13.1156986246 1
6.42029610372 12.0696689458 1
12.5606410707 15.124482277 1
9.76169983117 12.579715333 1
11.8781964229 5.53644394478 1
13.9053545906 7.00983232112 1
9.23641551286 14.5473584164 1
14.2441877312 12.2226101913 1
10.2034972187 6.95179201731 1
4.67810264357 8.82805943711 1
8.00070448962 8.13661055793 1
8.10555600196 11.652999289 1
10.9257427042 12.6982903186 1
4.72523381502 7.84172534707 1
10.1542007234 5.92403297137 1
14.7810331742 10.2981415788 1
7.75191545721 13.6575482091 1
12.2551099198 15.0016060883 1
8.16637931352 13.5708406626 1
13.6159388373 11.5727677309 1
7.65446784803 8.50878978733 1
9.00404730693 11.9890532257 1
6.0040935545 7.08455289714 1
8.79565493702 11.8161694033 1
5.72200220867 9.77820711161 1
10.9593005107 6.78574368692 1
11.250573766 14.054997875 1
11.9131730299 15.6562187709 1
9.26223728821 6.56198116008 1
14.8005194855 13.5141689386 1
4.22374112093 8.57283808836 1
6.52569155719 11.1222185622 1
4.46694647036 9.78380019766 1
11.119897583 10.2025554638 1
9.3783834153 12.4515328509 1
9.99538752929 5.86848188114 1
8.49607604806 11.7969883824 1
12.2423362659 5.66014519669 1
9.85574719325 5.09046462678 1
5.36935353995 11.2988366797 1
13.1577747551 5.50328398447 1
6.72161323327 11.1248356601 1
10.1192354846 5.51883596117 1
9.63052894932 15.8950332283 1
15.1779028854 10.1997256955 1
4.30344946618 10.6236995545 1
9.76799682336 5.65553944473 1
11.5760133078 5.29436271408 1
13.3800753806 14.6012632016 1
6.14984298797 9.23275147605 1
7.18181714278 7.64786341988 1
11.1328122464 13.4171669765 1
14.896126229 13.11283961 1
15.4375197556 10.5289525582 1
13.8579807426 9.15707068179 1
13.9695837282 11.4875043418 1
8.40023974891 9.47275341172 1
10.9114960046 15.8102761149 1
10.8918537697 10.7918138971 1
4.55883799959 10.5259223179 1
5.12450954741 11.7310578774 1
6.6648521816 10.3199073293 1
8.51802955611 4.76390333375 1
15.9661654107 9.81212882962 1
8.05376787824 15.2167674188 1
11.6664975519 6.98555137227 1
7.05878126554 10.1265773831 1
13.7764269315 6.33301631013 1
10.9873501275 8.58927768108 1
9.44128582458 9.74269712371 1
13.142739608 12.6282046686 1
8.66650402523 14.7788332497 1
7.49253263381 13.9169594323 1
6.33675830782 14.2371628567 1
12.9350040932 8.81643063192 1
6.24758306722 12.3860466956 1
6.24186722797 11.6244305654 1
6.95303441643 13.8521611618 1
6.61937567444 13.2676790277 1
7.29369615832 10.0916159837 1
13.5228479587 11.3397920318 1
13.5640149188 6.28417170184 1
6.18518347248 14.2303860277 1
9.75105054483 15.3731278257 1
9.61791804101 14.7167479138 1
8.76601894996 4.75415374771 1
13.2090236485 9.07833122492 1
10.8103329159 8.79319884138 1
6.73643308123 7.9297631545 1
7.99820290568 11.2249948924 1
11.1442182232 6.60135536828 1
6.15547761992 7.48292202311 1
14.2728283876 13.1228512785 1
5.35551039999 11.3563314101 1
12.9319355374 12.2925606174 1
14.2456180762 6.743808195 1
7.91315570328 12.0278836932 1
10.3324444083 7.65219419194 1
8.41826622783 9.83123159465 1
6.76424960191 8.04836844822 1
11.1180461593 4.70300481441 1
8.0753767989 11.8347652251 1
7.4004669561 8.75551447402 1
10.1460670393 15.5196909373 1
12.6767837106 8.77698727258 1
13.3713863471 6.73912016913 1
6.46114976024 5.42988627439 1
6.72057248346 12.6501420711 1
12.5742889537 13.7228122343 1
15.1019350168 12.2885487823 1
15.5870999035 8.78045306007 1
6.78038145045 8.59207365369 1
5.02667150698 12.5652055146 1
10.8859389763 15.1786530072 1
8.26992005279 9.15201855896 1
15.596936047 8.4066568672 1
7.16085602061 9.85914144633 1
11.5294579477 11.2234997296 1
6.69343801194 12.2721447404 1
10.3997427723 7.40383172851 1
6.98140197216 6.0662326248 1
9.45243298136 7.46758884897 1
4.80433454418 11.2132412026 1
6.03600375434 12.711088202 1
6.76266806756 9.55480974242 1
7.39124404535 12.8444203135 1
14.7110280102 11.6384992833 1
4.47290260477 11.5310102703 1
14.3070874304 9.58356016357 1
9.06551513714 6.74356162322 1
15.4434838523 7.97281165969 1
9.60829274481 7.46579245277 1
10.4832557583 5.87268752056 1
10.5367172931 4.4578259591 1
7.28089471879 10.6788525044 1
5.11021527827 9.04555785873 1
13.3759149101 11.2439350721 1
8.52080851869 4.32354212428 1
11.0468113309 15.2374142683 1
9.9143468446 13.7648462203 1
9.36522523733 12.0514020314 1
11.8132148664 5.03945542223 1
7.25546628188 5.11309460159 1
7.60366347885 10.2999236204 1
10.8719277031 4.18147220815 1
11.7306200399 4.86278634113 1
11.287008246 4.15953728354 1
13.1882196206 14.0741744083 1
14.018581108 10.5917723863 1
6.99599579587 5.69247312477 1
15.0805725662 8.95640545798 1
7.07813260995 12.37226672 1
4.99948267908 11.3040159449 1
7.59557098674 10.5725684672 1
12.666506878 9.75154218806 1
6.13091325136 7.95178070661 1
12.6108705231 5.22158566578 1
11.230870725 13.0989214352 1
6.69660304577 9.88242636601 1
11.2311964623 8.83604780371 1
8.49229181056 6.57051323435 1
11.2490216772 13.4949931619 1
12.2925216547 14.364145643 1
10.0390332895 13.8547201785 1
12.2901692674 14.3401232632 1
12.0274009428 4.76963751772 1
8.48092676029 4.62057652031 1
11.5803111868 6.22752736608 1
14.5728061291 8.84825293909 1
6.48323149547 10.5017717346 1
9.41748726932 14.2987867605 1
6.44575665422 8.96121482841 1
11.9789013386 6.48189588219 1
10.809108022 10.3954375754 1
13.2701653191 11.0618343848 1
10.0211543393 15.6587079314 1
7.17449482511 8.96871956554 1
9.21968898229 12.0283085766 1
6.52414325579 11.9667524176 1
12.1867410242 15.1841580791 1
11.7225171169 8.93515540648 1
10.0437439026 15.4033147338 1
7.12891249104 10.1784702943 1
11.783398939 14.3946009256 1
7.08113241002 7.36665064767 1
14.4714147643 12.8389712845 1
13.7977816138 11.0011830366 1
8.83513069426 12.9947694382 1
12.2987881338 4.98425509699 1
12.4316606494 4.53417611922 1
5.77312202042 8.7907923429 1
14.1609077466 13.2337230983 1
6.80221954266 9.12591933609 1
8.3673943916 15.1413295096 1
11.5776772535 8.42715836918 1
11.8881342827 15.0054686921 1
10.9858592754 10.7264607821 1
10.6396317208 5.69531659501 1
10.8211681446 14.8697441492 1
12.8527694291 12.0056489821 1
9.35046853529 6.54048666989 1
7.68509137778 12.7474620376 1
12.7296100793 12.3887892091 1
11.5847791645 13.5720897347 1
15.5725583149 8.48478814981 1
9.4895589248 9.50379776222 1
11.2236337615 11.6684894585 1
11.0714500972 6.08915758886 1
12.0313186842 6.8373978709 1
11.5020820235 15.507212739 1
8.84984255258 11.8390975511 1
8.39817961947 15.57030711 1
8.08172499372 11.7512663861 1
7.96847717703 11.359856332 1
14.0772001711 12.2285614353 1
10.7193135696 6.68910281157 1
8.04164050924 13.9636498969 1
14.6841334283 6.6420751605 1
11.9150603151 8.82718732134 1
8.38709248856 13.6255956348 1
11.9702280689 11.0377327713 1
8.88778745272 7.84211315671 1
13.7454884079 9.20688207592 1
13.1840499698 5.16105993142 1
4.36205401399 8.71562107607 1
5.18403669515 7.70802169129 1
13.7568195344 5.36048310816 1
13.9888111974 8.14413402899 1
13.0238012337 14.5507837757 1
15.8223268359 8.68302674545 1
13.3270057501 10.4256257167 1
8.27838682905 9.49640306997 1
12.6749121914 15.0027785655 1
8.23277687063 6.08000887203 1
7.98412173754 4.50385992373 1
13.4557848818 7.91382673751 1
7.3740168939 13.4890874061 1
14.0361490588 8.37221750197 1
13.8394663124 12.6022011718 1
10.4055001414 5.87899387185 1
7.92399677553 6.15382021145 1
7.17143448477 12.8345155237 1
4.23700886017 8.73871914729 1
7.82680508076 6.72753471921 1
14.5289231988 12.6391663784 1
12.8756212443 13.1701051773 1
14.1460485337 11.0135401216 1
13.1251804115 13.3912952681 1
5.74902580888 13.6368155272 1
11.1470468069 5.33120011163 1
12.4712434579 11.1895586364 1
9.06415003598 10.1983922905 1
5.86450228091 12.8998507123 1
7.96492515169 7.95366299688 1
10.0811737398 8.66919768163 1
12.1753506521 5.67653029082 1
6.85365087984 11.4935798262 1
11.6641912425 11.0534600043 1
6.19446815729 5.9788756622 1
14.7969191704 12.7832761528 1
11.0892813453 11.9809573035 1
7.00673752351 9.95552658319 1
8.4290157733 14.0478552923 1
10.4819943815 4.84770706505 1
12.4219799274 7.65967275388 1
14.8206166006 9.24276395975 1
5.95999921951 10.8734175438 1
13.5645192072 8.76389573249 1
9.72964090626 9.84471491673 1
9.09765070462 15.7840313208 1
6.02829220104 12.0630762354 1
11.4008708205 13.2037144084 1
5.25410167965 13.6121285827 1
11.6341805124 15.2485671119 1
11.0955047713 14.5354894901 1
15.5357707196 10.8091139274 1
5.30077026879 9.54726461787 1
13.4620090045 14.2586205178 1
10.9166185617 9.56019552195 1
5.17604125613 7.77183641729 1
7.27358970191 13.3247612331 1
11.8515471799 3.91045914138 0
13.0558584364 16.3006429578 0
15.7150407933 15.7150398341 0
3.27688413197 3.77192253385 0
15.6149403708 0.920716202465 0
15.1817684044 6.28646025285 0
1.31676145675 8.55559484427 0
16.160499012 13.6020882445 0
1.84224957726 2.6019895603 0
18.4173563103 17.2805353087 0
1.71131524487 15.4405512751 0
0.273665081674 1.0336288443 0
5.91466515016 15.1863048654 0
7.67468057143 17.9296209678 0
8.09955764715 0.211649700992 0
14.2403173809 4.66206246165 0
15.5174241115 4.2368226531 0
18.1009647584 15.2607043027 0
19.0420935108 7.98914255128 0
7.97898510154 18.1273428064 0
0.904186741784 15.0473057309 0
18.1080122695 3.98819466176 0
3.29427295432 9.27381508675 0
0.264422380971 6.03266219608 0
2.99488265751 6.93895109047 0
9.92624232503 16.2139837109 0
1.9991380765 18.1963532742 0
13.89954945 5.13163774393 0
0.14326581915 8.71947753237 0
13.5338987884 18.6569480091 0
6.87953332206 17.4086305697 0
0.112865443821 9.9600788643 0
5.06164851438 3.6260670947 0
18.328814499 12.3934164001 0
18.7039627593 11.8547879783 0
15.8838814765 11.5320820306 0
14.9218319344 3.90738343972 0
4.83796728505 16.1480115927 0
17.6159459233 6.7599884513 0
1.03322552187 4.4342390701 0
6.83239267939 18.7367938447 0
14.1147663388 17.0471165502 0
6.76532473409 19.2307307275 0
6.16873967896 3.46594388046 0
6.99652288623 3.88008691802 0
19.0321629928 0.88855385703 0
0.141623099733 6.76892853573 0
2.43600254682 14.3490505215 0
0.562493173525 7.81456478991 0
5.68819402199 4.58460972993 0
19.7933118505 4.09600053495 0
10.3871737493 0.0896042764112 0
14.0371072308 17.480549565 0
10.0337615627 17.1748371309 0
5.50826633662 0.81456458579 0
9.01640066404 0.827258911786 0
2.38643701968 11.089999991 0
1.31691665335 10.5166850581 0
1.2833462876 8.81292523308 0
18.9016516662 19.578638439 0
17.6889653581 5.68465139141 0
0.543009761728 14.9385365977 0
3.50924718653 16.5393409235 0
13.9849518367 0.593713020959 0
16.9603875823 14.301769358 0
19.3630308547 4.82104352961 0
19.5946863423 10.8565801902 0
18.0987620463 8.75037093918 0
12.0584622316 4.03591374592 0
0.586208489846 10.3833356335 0
4.93988748022 13.5378644797 0
2.80741879509 11.8920167247 0
4.00486077817 15.8942464336 0
5.68645487185 18.4430449278 0
4.56835743408 4.60797581749 0
8.41170485489 1.47595498114 0
15.7994306232 14.679991803 0
7.42854983355 18.1757177052 0
13.1907009372 2.11155164819 0
19.2224708035 9.36620914416 0
13.5100650962 16.3372939305 0
0.086146884549 4.05352896422 0
4.06069431866 6.80548647467 0
0.825673586353 1.882348959 0
3.76389958629 2.54540106633 0
17.7013433097 5.27395422238 0
17.0470397451 0.53797986591 0
12.7717483909 0.638103157465 0
3.63557428773 12.5609643099 0
11.1227563924 0.433994986191 0
0.45522271422 18.0378784971 0
17.5981749086 8.14738510888 0
1.06630366395 13.757425004 0
14.4724630369 2.81642202764 0
16.8918025544 1.33107366605 0
6.63355235068 18.9275679436 0
1.08283350474 6.72296399983 0
19.8954487962 18.8548202594 0
4.03532849095 11.6720827274 0
19.834571122 6.31725160182 0
3.19224115821 19.6528065816 0
10.9386391098 17.3301658502 0
3.57234469949 11.3518543584 0
0.235340849321 13.4842204386 0
1.57766457702 5.12376486604 0
2.92708044941 9.40612298947 0
9.33191643269 16.5317503812 0
19.2167323547 19.5201720633 0
7.25905843963 15.5301183501 0
14.4874413318 5.85843857828 0
11.1814651613 2.78076373322 0
16.2024329621 19.5639959153 0
15.0892633302 15.7687239661 0
1.99414566862 4.58854021245 0
1.86143694812 3.10213204343 0
0.741874043305 14.3080252091 0
0.530306699298 3.90650798597 0
19.363483582 0.160839340183 0
5.35255613534 3.09183908382 0
9.61905589092 3.53742873892 0
1.17671410941 2.02555398171 0
7.96983403001 19.2190201027 0
16.8957665867 14.97178792 0
5.24442152565 17.9681420835 0
15.5332878222 12.4930580083 0
16.1571706955 6.52028960375 0
18.6066491365 19.74888898 0
17.3122649071 16.9721580657 0
8.42187586985 18.6300861713 0
3.33071838084 13.5601927765 0
0.263832883936 10.3222751851 0
13.5483663977 16.4589023226 0
17.4089792071 9.27023874344 0
0.823152777907 10.3090117902 0
16.526024619 2.10419708465 0
8.45925696348 18.4450673498 0
12.5626541788 15.6033894425 0
14.8755110812 0.559415129384 0
1.99144215688 17.6908252582 0
2.91626054708 5.40082372368 0
12.6237303939 15.7648078115 0
0.64609106837 2.47715431717 0
3.20202244401 16.4262643324 0
1.84278752815 3.47093069098 0
12.5074377363 17.6903971028 0
5.68025354985 15.821738647 0
19.9904362834 7.32916340811 0
11.32361691 4.12027538782 0
4.67345558336 16.7929243435 0
3.99557541024 3.81774195847 0
1.03330370214 17.4974518927 0
0.169884995602 10.1109730674 0
13.6188801586 19.327019209 0
1.21199415652 10.7648288102 0
3.10451059106 6.96471340692 0
14.3071811442 15.6900448334 0
14.045286752 19.9847236976 0
3.99630059847 8.90643155083 0
16.1780965801 3.72833507026 0
3.20497119082 18.2411019455 0
15.8927761726 7.75959073988 0
2.87843006111 5.34709906847 0
16.3559798627 6.8770936307 0
5.72358561224 16.1628849003 0
1.09024215756 15.3959839189 0
15.4741661034 1.94469623496 0
16.8984148632 15.8994231489 0
7.89811900512 16.3883010936 0
13.5110555905 19.9415670111 0
17.9887376244 17.7846447808 0
19.1725537479 14.3286444247 0
18.6663324227 4.31558913797 0
14.167670628 4.24866822406 0
2.78219378175 4.30594038302 0
15.3323634377 4.89240257624 0
1.75231382494 14.8032261838 0
14.9053684125 18.4075171117 0
17.6051176392 1.7529212327 0
0.731063002125 9.77678777245 0
13.2808572493 3.24772854612 0
19.1304484373 2.48855508284 0
15.2509339996 6.39687384327 0
1.81447028794 11.3336647161 0
19.7871279866 0.213906269097 0
4.33213380683 18.5636478069 0
6.10581725777 1.86192667037 0
5.46286908229 4.63513431572 0
17.5801103809 14.2416220794 0
14.898149473 3.12478949219 0
0.481734833834 4.14812045311 0
4.64710045141 2.62512373876 0
17.2716022369 16.4455978637 0
7.03192367229 3.41563086402 0
14.1774120857 2.54175252801 0
5.771684501 3.67103182498 0
15.8537020731 4.32804516477 0
3.70964084762 13.2082392353 0
4.26130748652 13.9322958956 0
3.82817778009 18.6593435295 0
7.12784730151 2.75756353352 0
15.5034703944 12.4086161481 0
19.5296028202 8.26463679792 0
19.9311850726 15.6007338785 0
0.885085760374 10.2850012558 0
15.0717870186 1.09031129411 0
12.7026313336 0.594046580656 0
12.3996908748 15.6259143641 0
19.363724163 11.0323324767 0
8.68758432311 16.094294868 0
2.4668110136 3.77881353219 0
11.465791287 16.851912546 0
18.5424596142 2.03377692117 0
6.00207767268 18.17010728 0
13.8750182037 2.26483686165 0
1.93701735365 15.2124974391 0
14.2169394425 16.843746547 0
3.09505782012 5.43044494388 0
17.7879681368 12.8852370814 0
7.06942293069 19.4256320391 0
8.02257670002 16.9058381945 0
3.01634621628 9.39047861536 0
19.1678284547 7.31046198654 0
2.40379777942 7.27106747298 0
1.3560124058 14.1584186002 0
7.29479831064 17.7240214241 0
19.3579126938 1.96418598137 0
9.08468064087 1.57250347591 0
3.8803853075 14.3192226781 0
2.68216826423 16.3154151115 0
5.52517155852 15.270226214 0
2.06543622917 10.6097043204 0
18.9844028417 15.8651572344 0
4.88961666191 15.8198068315 0
2.65802049515 0.874086942788 0
16.3452593604 17.9537729414 0
14.107450087 19.1059467228 0
3.79993423701 7.92060001156 0
8.34151268783 3.27277245153 0
15.83650563 2.42036236083 0
7.48037726286 2.67188704527 0
10.882876246 18.4708546367 0
15.1570663413 18.4341359712 0
13.5042285782 1.95805571075 0
14.1819514955 1.36227662351 0
0.41842140123 1.4519169987 0
0.782384107126 12.4779011745 0
19.049596811 15.9991467113 0
0.402333757426 17.4172562459 0
11.5834387214 19.1434691716 0
0.940894094783 4.06506672971 0
2.42424808957 1.06816718017 0
19.9427854537 8.58088038335 0
9.75790114152 0.271046032513 0
15.4413592176 1.12422031868 0
17.4148347769 0.914233458235 0
9.14806371667 2.45118803887 0
19.4254565587 8.33451092967 0
11.8068378948 0.141735305121 0
0.448009619682 6.04554509156 0
9.51053406827 17.7793759142 0
4.76662617203 19.1084095015 0
15.8279262143 15.4484955971 0
0.970460157021 0.561090182457 0
19.1746249891 19.561140604 0
4.17168991249 2.84887566223 0
14.0449045114 1.37025198767 0
19.0958399763 15.8993437672 0
16.938116134 5.90424258847 0
0.517435878367 8.09628321571 0
0.88182233651 3.80449691861 0
17.4139112635 8.7055809153 0
15.4245123286 16.1067938105 0
8.02813171965 18.5893185916 0
3.8181040456 15.9860849068 0
5.18175865909 16.3686602025 0
5.64064310188 1.37983381788 0
14.292712928 16.1039659797 0
14.2293912766 18.9085407205 0
17.9033538102 5.65136924642 0
1.5257348373 12.3251968776 0
0.698866533628 6.47971928959 0
1.12611763916 3.57601948346 0
12.8205709631 2.58247155086 0
2.1662515585 5.61768961489 0
18.1172803811 16.8143560786 0
17.1063690946 3.8201128381 0
2.63941482187 11.8632428658 0
19.5442475111 2.77240016033 0
19.3845045685 12.8933882768 0
16.0723893468 2.41325833435 0
15.630966002 5.03093582108 0
1.08600120108 4.09411268752 0
6.11095900284 15.3205656302 0
0.223263039479 12.5553584572 0
5.74519225993 19.5235980865 0
5.93755545964 17.6017641627 0
7.45515334843 1.70303553597 0
3.48393397548 11.5131222342 0
4.2588491578 16.2025718342 0
6.38494722435 17.0716379142 0
3.46611700244 18.5381246391 0
15.5217059589 16.599320756 0
12.7895543159 19.4978547258 0
4.08692557709 15.5843712703 0
16.3068169791 16.5201133094 0
13.7624854639 15.0656946888 0
2.55994059248 9.21577066739 0
3.77467744236 17.1564654435 0
8.8297095715 18.901248727 0
5.02242266257 16.195765186 0
17.730099716 10.2054795976 0
17.8618289723 18.9691975534 0
14.4981925266 14.9535234863 0
10.438133865 1.97218079228 0
17.9722488638 14.2286153343 0
16.2758609369 12.6602570808 0
19.9080360066 14.7547145371 0
4.11106018317 1.37880231698 0
2.22030165965 7.23183415846 0
19.6271288976 9.2427504839 0
16.9734547667 10.6851693818 0
12.2823758637 0.967682790692 0
18.7068944555 17.6700839152 0
19.9452058377 4.20814173831 0
15.8174724346 15.774131757 0
13.0195971925 2.48437189899 0
9.40270866107 3.6686755661 0
19.3165464151 11.5344848104 0
17.0988288858 19.6859047326 0
16.8162264997 15.2496980306 0
8.57188355376 1.29004575286 0
19.8682052543 13.3563426768 0
18.5499312376 15.8520933792 0
0.195094708647 4.91333946899 0
18.9001495738 1.95530633605 0
6.13070093169 19.7014842162 0
0.903591217622 18.2407615986 0
0.322614386411 16.832732064 0
3.67335899152 18.1424090924 0
19.4850911337 16.2872160296 0
0.0824439212598 16.9470034213 0
13.6435211358 18.263646959 0
1.72091390683 7.0508715743 0
12.955847884 2.91530845365 0
13.4219056781 17.2581609558 0
17.6314699036 8.36647439295 0
3.64365275778 13.384657488 0
3.94350749616 18.7579224235 0
12.9821710218 16.9456952438 0
19.5279176811 6.52296123653 0
9.64529390311 0.277980656428 0
2.78919277794 8.47632065593 0
0.0121203631366 12.4868920544 0
4.39364689059 15.0377802375 0
7.39591156361 19.582768781 0
8.47976516565 17.4056027763 0
18.5819419198 8.31529074534 0
14.0890081403 16.7392163541 0
14.7914128309 17.8006527079 0
13.4143606596 4.59548999777 0
1.84240096307 2.57599231536 0
0.852468090462 12.7939172407 0
4.22578689445 14.5230321626 0
4.5404587337 16.1882218107 0
3.59792263154 1.81169869327 0
16.0176192459 10.0845071584 0
3.33243877655 12.3939211273 0
0.6933578677 19.0444589642 0
14.7190074371 2.45533123335 0
15.3799308956 3.25320976247 0
2.24250669917 12.8239440231 0
14.7201474404 2.71706602667 0
18.8777478742 19.8769926066 0
10.2459124353 16.9398144855 0
12.0331820458 0.782609946728 0
4.16181984731 18.9722482899 0
16.7406707099 17.7320921298 0
18.8865771429 8.01529882557 0
14.5236407524 17.1276602725 0
16.5374149107 6.17761612487 0
10.1452646791 0.832343613411 0
18.9938502349 14.4367380295 0
1.76148750269 14.1601996866 0
18.8083568496 3.2300713324 0
1.12300609357 14.9930419414 0
17.3199577811 14.3261823641 0
2.84605016147 6.49888198198 0
4.41257182681 12.8741731836 0
3.82008499058 3.2528927953 0
5.81943133412 16.8327867064 0
8.18596163739 2.6049601642 0
17.4382928473 15.7247909905 0
6.28548776401 16.1990836844 0
15.3783499044 4.38618824291 0
5.17631084506 3.83637843088 0
3.0676488462 12.706984593 0
15.4950623282 6.41439403297 0
0.840965627551 14.2335133856 0
13.6638850639 19.024619125 0
16.0659840013 13.2533719541 0
19.1450248012 17.113238331 0
17.985858343 2.97000489608 0
14.7585734221 13.9551512504 0
16.5322238965 6.20441109952 0
0.964856780303 4.05712994488 0
0.581045083048 2.85148716189 0
8.42584529295 18.5659156314 0
14.1409143281 19.3920456986 0
13.2628941069 16.7297697187 0
6.54400075069 19.2416566602 0
18.6707672568 16.3626838005 0
19.1274672316 18.887904925 0
3.29912247057 7.9426523821 0
18.5913016732 16.9174368811 0
2.17806953922 7.7891692652 0
14.9659299461 14.5708772139 0
3.74163105661 14.7455686857 0
14.5365014973 19.9370945812 0
3.78284909979 4.93303273881 0
7.09452967995 1.15826703955 0
6.56252775449 14.9405904127 0
10.9931399094 17.4550661393 0
8.13300566747 3.00044252012 0
8.46198230459 2.13616870714 0
0.354773430238 8.80118954795 0
13.8421596919 15.5580913324 0
6.2510713498 5.21576416912 0
3.74850193546 4.11028673902 0
9.48917060139 19.5375902669 0
19.4362055022 12.2633895469 0
18.4375085919 15.8639187072 0
19.119312418 9.63591834743 0
17.6518042469 2.87550006569 0
5.29799276136 0.433129251975 0
14.2763442856 4.87880838665 0
13.8411686966 15.7083286638 0
0.580249478847 9.29970228625 0
0.974134553082 10.2954341209 0
3.76881226724 7.43805233281 0
0.358544380945 17.5334580403 0
1.1544012406 16.7033071997 0
0.998480029591 10.2679367128 0
5.45911171546 14.2523633794 0
16.4964418988 4.29037593906 0
2.2279187262 9.51449408452 0
11.7676324068 2.23810946557 0
16.9504776282 1.9216367978 0
5.58388024579 16.6667185077 0
2.78899673187 3.55768941355 0
18.4225404428 19.2482088595 0
12.2898516021 3.94435000196 0
1.07725507497 17.6415433638 0
1.27974872371 19.2008083953 0
13.8225098445 16.2587287655 0
4.60601339246 14.0589318596 0
3.50266171518 1.38848005081 0
17.5572840829 1.99590261683 0
15.8672303991 17.3772227318 0
2.81049943432 2.2556062487 0
12.9759958314 0.91482371502 0
18.5736699057 1.85166876146 0
14.2782501947 19.7595377094 0
4.15131055153 18.8314998083 0
18.4699312337 4.75010784564 0
0.702382165763 17.4503793582 0
14.3469729467 4.92008626617 0
5.27545269875 14.9881761774 0
6.2754673552 0.0905987152082 0
10.4091730196 3.65716001377 0
2.90647281838 18.0653393221 0
16.8566078314 6.69859565106 0
17.8188800625 13.4663352936 0
10.0047634674 16.59992066 0
12.4711484408 19.7348862015 0
16.8741237003 14.5611453328 0
2.39807042592 8.11683029191 0
1.35252822867 1.54437472321 0
19.6783624389 14.3384916855 0
2.61493326273 19.6515048545 0
14.083807426 4.84465324185 0
14.1054401049 18.1536022972 0
6.69952011999 16.2708861947 0
3.92865690664 5.1037844569 0
16.0515903869 0.718282574434 0
5.08825998401 19.7220836316 0
10.7776787705 3.52594477739 0
17.0944283819 16.9541692834 0
17.9141772181 15.5309880458 0
16.8630462943 8.0007011106 0
4.14776000142 15.5632935047 0
19.5359148227 2.16513857646 0
12.9011800453 1.90074552648 0
18.5141102597 4.83536553947 0
14.7261674963 17.6256575766 0
15.9494020847 13.8037043261 0
5.47879850794 15.4954536006 0
9.18319925706 2.35970423989 0
14.7179335374 3.50781051343 0
16.1875151469 11.6884763817 0
12.4326157579 17.6173393351 0
16.2733194507 10.2125835918 0
4.00716626628 7.25797615621 0
15.3251463245 1.5563995145 0
2.33670971398 5.62457535694 0
14.1076781014 3.78394923732 0
4.41507665324 19.3048868901 0
10.6249096333 3.0598191446 0
0.678041223196 17.3248013877 0
15.6378919931 2.94062276396 0
14.2971784278 14.2015697681 0
6.79852948249 2.52295292021 0
7.29866917295 1.21330989139 0
19.123264531 18.2860505218 0
16.6877621537 18.4455082379 0
18.9272846047 15.5443505728 0
16.5740160611 12.2178551016 0
5.87243257013 3.9826836409 0
5.34801418461 0.769035644983 0
11.0439093886 17.6896646486 0
0.494251292976 6.21330192929 0
12.9584080199 0.666885007322 0
18.8568616005 0.708709554785 0
1.3763594359 15.4297843317 0
2.8292577402 16.3174771493 0
13.9068574299 14.5823425873 0
2.46182194736 19.9375533444 0
9.63528536776 3.4971965835 0
19.4670524762 9.91877989959 0
19.1976717439 7.2284382516 0
19.9516112894 19.1552281018 0
3.21773673132 18.2335327525 0
11.7044356298 4.05842394319 0
18.2777864415 3.6425360663 0
0.623292875204 5.12767706162 0
15.0507291433 4.82009639719 0
4.01075184518 2.80796502806 0
0.933581686027 15.4472766573 0
0.621088016436 3.21425905288 0
16.1528440887 10.4342265172 0
12.6895539 18.399069173 0
5.31338284937 18.8162932169 0
16.2208598356 4.66642033491 0
6.54435736968 15.4921886268 0
18.9056553719 16.1603496445 0
2.68311282581 13.0214944806 0
1.86908029398 1.04200129897 0
16.8397915727 0.364527760033 0
10.9525026218 1.64269594592 0
6.74920052341 1.79920080898 0
18.8392049211 18.0388488923 0
18.545703242 6.35907623633 0
2.38734053111 10.0847304633 0
18.547856548 17.2124082061 0
2.93745342223 16.4300999961 0
19.4135720063 7.34686864551 0
7.46274006199 2.45440224827 0
19.4129202718 7.60664293011 0
0.435474998218 4.23448137364 0
3.4936838336 10.683442054 0
1.54796819357 7.06236926629 0
12.202872854 17.5763083974 0
15.956004474 5.39535101757 0
10.5867385213 19.9343562125 0
10.1918665562 19.9788179029 0
19.1418601586 14.0946843755 0
2.33254820978 5.68094407903 0
6.81899341166 16.8690891084 0
1.84683351293 8.144765584 0
19.5094178004 18.2937898117 0
10.5926073901 16.7610281759 0
5.67151877342 15.6312146935 0
19.8580025691 12.7952155156 0
12.1942281814 18.4077527344 0
2.69185485448 10.4118087088 0
15.217951555 2.05563176775 0
4.62101040053 18.3636310602 0
18.6428832825 9.69902701908 0
11.4132130005 16.3948051898 0
14.8127651847 0.386034898344 0
2.18706070574 17.6260815117 0
10.2365859223 19.7390621661 0
11.7342269659 17.7857136045 0
12.3975076163 19.8969041348 0
3.46624624911 3.46750972078 0
2.57538083887 6.91916287236 0
0.653395206641 16.5974886621 0
11.2276483966 19.6228181877 0
0.987186923389 17.8787855816 0
12.8473803443 19.7104022728 0
1.50612332686 15.4754533564 0
3.25223439839 19.4592244898 0
15.7955399995 4.80893164503 0
4.60345737432 4.64692076967 0
11.7150165788 3.59286430116 0
0.563622500899 19.2799608296 0
8.84623204051 2.42154971594 0
5.34069184176 15.779907386 0
13.9393264644 16.415193031 0
4.89026367867 17.1631763508 0
13.7866412284 3.73854879982 0
1.16539559529 6.84768939005 0
5.09675292487 14.9111474615 0
18.5044125561 17.9038506458 0
4.26209065077 12.4901927675 0
13.6705509827 18.2232013354 0
2.71716146507 6.30143363887 0
9.74392284227 19.1255624634 0
1.02015972323 11.9514735541 0
17.348601513 16.7303240486 0
16.1061391864 4.81651465447 0
1.59549983886 14.5595311888 0
11.3979777368 2.34246561093 0
17.7570048129 0.0441632461029 0
10.1939089814 17.8360900053 0
17.133173798 11.4210459244 0
19.7397299214 18.9551766855 0
10.1938647098 0.814199220721 0
12.5218980064 0.789972673418 0
17.8764180469 14.0828807554 0
17.9753994725 10.5802932882 0
8.78596939226 0.797596657108 0
7.79242042438 18.0640680443 0
18.6109341142 16.9581171332 0
4.35889760824 14.1042156563 0
11.8976942679 19.8954495643 0
12.5726326311 4.28240853584 0
0.228965849978 4.78081135547 0
2.41466710975 18.4984462068 0
17.0423881199 18.3163822079 0
19.4931575846 9.01907379522 0
19.8587964879 8.62206668915 0
2.27796446125 6.89807853648 0
18.1774144272 3.2581746826 0
17.9354282322 1.47133409339 0
8.97249044322 18.598458089 0
0.943946121971 9.13997809316 0
11.1731357006 0.58007840385 0
5.07316461394 3.92347767299 0
12.3108925889 19.7714327654 0
3.91324232833 16.4897904694 0
12.9837381781 0.631247601141 0
12.1529360838 3.08909391267 0
10.3159681531 17.0845946697 0
1.26208779261 6.45184100132 0
12.8272866628 19.7678356146 0
2.7083065411 7.38163971933 0
18.6070861208 9.75184900659 0
4.15210608678 6.3168628438 0
17.895683681 9.16590113616 0
17.4032562325 15.281095251 0
13.3173007036 3.55408005612 0
14.7438543171 4.47103830107 0
13.4468000255 4.95158332522 0
16.0940875585 3.41101545331 0
2.41460084255 1.60691612089 0
12.6567160523 16.884031873 0
16.0975684818 10.3224140637 0
3.64679455653 12.0379813632 0
7.30381067148 0.42332383419 0
4.26643139178 5.78526530617 0
17.2770868867 7.32554114124 0
10.9501581538 3.20048605202 0
13.719339758 0.759707457586 0
0.556941835386 0.498760026008 0
2.72368429704 9.09652516492 0
12.0555291162 1.5657039136 0
11.4679276917 4.12099578929 0
19.1821441934 19.6680115772 0
19.6149357264 6.13136382955 0
16.5628453247 8.82931625849 0
19.8742952949 4.99913016663 0
1.88453369423 9.84060556959 0
17.7606520126 2.89897774491 0
4.64180605539 3.32053874645 0
12.2440793648 1.36011775729 0
0.386417363586 2.01827926413 0
8.88007372901 3.54603939112 0
16.8379170304 10.1421373642 0
3.71613867353 11.5117644593 0
13.5215664917 2.1479544396 0
18.6520788614 2.87663311377 0
13.780998215 15.8614902641 0
11.1764670721 16.3822855962 0
19.353311781 9.33554483327 0
8.81441630034 0.231344211648 0
17.465496839 9.51470506692 0
5.26216401133 16.5003986035 0
4.91867192138 19.8535147425 0
13.3436727378 4.90271590376 0
5.79964904662 2.07457388739 0
19.3203333644 16.5713149205 0
0.777027047381 8.27025316801 0
1.27448534761 2.07378651601 0
19.4349885959 12.5951266781 0
15.6801855492 1.35813466542 0
5.43950940682 16.736067447 0
18.2503564795 2.62173295216 0
18.5528243138 8.36985382331 0
0.502513262798 7.89426154184 0
4.18684682348 17.189958389 0
2.13029368913 7.78121751825 0
19.6380273998 12.0259425501 0
4.12824092357 14.360266149 0
19.7674837152 4.7194660651 0
7.33774392551 3.7874729654 0
5.07788025195 1.02331304715 0
1.90509059404 8.45838812988 0
15.4259936668 6.76608699256 0
11.9764356013 2.20164812342 0
2.90800087251 6.10668928555 0
8.54534826074 0.688340835623 0
5.19300016135 4.09081176443 0
12.6496213717 0.629614213955 0
3.49187174754 14.6503215289 0
15.286535337 13.9885775638 0
4.90213741374 4.6559797704 0
19.4071226171 15.8588424764 0
1.52727846478 8.14216151987 0
19.5132306508 14.7374361554 0
13.6650416303 17.3635332719 0
2.79282904718 12.4450905468 0
0.048741479626 7.70372501499 0
3.838592814 4.56508985425 0
10.6232847655 2.70605285548 0
0.903279813324 9.61344283373 0
6.91090348282 4.10456614678 0
17.6185645627 0.102582025062 0
2.11318771912 0.916054568664 0
11.3528152889 18.7643669062 0
18.3427592191 15.2383259522 0
9.15467861752 0.499494675679 0
13.0497608494 1.15693260648 0
17.3585928932 7.53511527188 0
16.2378456715 0.483735814158 0
19.6088450289 2.06046370558 0
17.0277879599 11.811672656 0
19.5399206287 17.1610345144 0
1.25948882986 19.4173506993 0
2.06837419053 3.4394779414 0
8.15628393186 18.6439980704 0
18.023111444 0.684397676908 0
2.11845646602 19.5441600218 0
15.3800521715 4.08025809399 0
1.27524143682 11.1029135772 0
16.9406513783 12.7879095381 0
17.1005743358 16.9918368671 0
0.543888382146 17.8970578078 0
8.26990989018 1.65363960779 0
15.2563662818 4.22626055337 0
10.222344909 2.20615850052 0
1.3570375747 16.3473361035 0
3.99332831862 16.0191586394 0
5.37011490998 18.558241399 0
11.1393833248 0.686475052923 0
3.47663983419 4.76666999504 0
6.95880334006 0.547027926883 0
17.7025593789 13.6892361364 0
17.9166888305 14.2831340561 0
16.2743793584 6.77225128263 0
0.832061483238 10.1930081173 0
1.91986878335 15.8842124923 0
2.89047262761 8.18321426412 0
1.3397494329 7.05202677697 0
0.169434992385 14.153864426 0
18.6835079276 4.15957981524 0
4.80522098488 0.9166179387 0
4.3399451544 0.688224765891 0
11.050168049 1.18328041538 0
19.8644385839 4.08682063814 0
16.6655288487 17.1567800417 0
16.9237372603 6.62750560277 0
4.49840955119 16.0128022267 0
0.748152340431 0.192925981735 0
6.29913144177 4.40994520397 0
11.6736797438 16.7869198136 0
16.3868319687 0.728050118875 0
18.8137872785 17.8122224304 0
15.3027061635 13.715441625 0
7.78536162801 3.85595137645 0
15.1178203287 5.86737858623 0
18.1758824662 15.2718803545 0
11.8510686749 1.65805285657 0
2.03201669512 10.6196384954 0
16.3830590809 14.6411915286 0
17.2147744343 0.387277823625 0
4.20502792115 1.61296562242 0
2.84891302369 16.5492974236 0
15.9421851974 11.4939792825 0
6.46367747891 16.1216808666 0
5.22607170649 14.6831481907 0
16.8405635968 6.76154813303 0
14.5286850094 2.15188159992 0
13.9757292289 16.7429736149 0
18.1620500321 0.493545305378 0
14.6023529915 18.974848414 0
0.162886315082 6.0962787087 0
18.328146372 17.057115431 0
15.2002197947 4.87180057137 0
17.4818440271 8.16462460945 0
19.3664930802 5.10067730578 0
11.6159521263 0.365705768766 0
16.7877041898 15.891737882 0
2.08981222638 6.9045585149 0
9.95350654461 3.76357465723 0
4.48425791498 19.1077149488 0
7.09687902832 1.17830329289 0
2.37222552876 17.7515539543 0
14.5633218539 3.5675058479 0
14.8728807235 0.735366070648 0
7.4527765748 19.9169082613 0
18.6968783794 8.73747672012 0
13.2456640723 0.572512229353 0
5.86202083782 19.4540014105 0
14.8070455308 5.73060420426 0
13.502702345 3.42124329792 0
6.39876416342 2.12069869534 0
8.70867480815 16.110613778 0
9.44251822137 18.662335178 0
2.04283376913 5.3373988653 0
18.3497336188 2.62074794516 0
19.8792352658 11.6260190162 0
8.78796714135 19.2275673675 0
3.5652614317 9.74191384508 0
12.1975835889 17.2318263791 0
16.0183981562 9.21804654651 0
18.0926805262 8.83537526754 0
5.45183688638 1.84509317562 0
2.78685524655 15.9327924921 0
15.1596371964 1.05485132459 0
0.554215935381 5.30728565334 0
18.2872747976 19.1878954151 0
5.35904246548 18.9725051202 0
7.27564244695 17.8334527827 0
11.3779251329 17.771883944 0
17.1566789019 1.63727258724 0
4.33838663834 19.6030721496 0
3.03227560485 17.9748680863 0
15.5562469031 15.9638216853 0
4.21466720966 17.7101145591 0
2.45270867283 9.15661947613 0
4.93545525396 4.25412005998 0
0.0284818575785 17.675630216 0
14.9435961264 19.6961264075 0
13.530106229 15.4124923399 0
19.9233923426 11.1658363977 0
0.715468537331 6.56927239295 0
19.6939949297 5.58023496584 0
19.5920183949 7.72000386926 0
19.8971157704 17.0709194178 0
1.30247576563 2.09998189587 0
3.97659095149 14.113609626 0
16.9242991289 9.5034783063 0
3.00306250778 14.3242109178 0
1.55379995634 5.59300239104 0
18.6278394896 12.4515326796 0
15.1808328986 1.03893010853 0
8.26624719381 2.67436811176 0
10.4633548187 3.52390438281 0
10.4831644831 16.8250757788 0
4.28802075053 16.7316715319 0
17.8214473251 19.0324209321 0
17.4418037067 6.18013690563 0
11.3180158416 3.13405940441 0
12.7798129081 3.99039361505 0
15.0859811434 1.53640988258 0
4.65050566619 18.502118366 0
16.3321302483 3.62054869043 0
0.532546496789 16.7709335058 0
1.82147249564 12.039815907 0
13.9243056706 14.5817708562 0
18.4803574071 11.3469808361 0
16.2781292446 1.7356569844 0
17.1611565168 10.1981417709 0
13.6905054085 17.1794241564 0
4.71088606996 17.3546994584 0
19.1656086217 8.14847591345 0
2.45071451513 9.32447059076 0
1.48415525743 1.68619653288 0
9.23959341721 4.04734864523 0
19.109519748 16.0481220027 0
2.96018234444 19.9068306229 0
1.65506125544 3.43896333706 0
0.373921103638 16.4934433223 0
19.5724381318 7.64551761257 0
2.69514090629 13.3142783039 0
16.470926322 7.65050102569 0
19.6543544014 17.7682833831 0
15.2144937004 13.2263344803 0
1.72079965483 2.8581869481 0
11.0568123763 3.23944692488 0
11.236938455 18.5792053439 0
15.782874013 0.143414753822 0
19.9166097577 17.8316980415 0
16.2692360133 1.80570416497 0
17.2325727349 0.851539116184 0
17.0059971988 14.2421226239 0
4.13167856631 13.581099168 0
18.9390434512 18.6108283533 0
2.35765847965 9.67749480933 0
17.6263256627 17.2061350258 0
3.80385582247 7.48480732613 0
5.39977020675 4.45292999858 0
18.807038182 7.53105895478 0
2.00165998468 3.00662304487 0
18.6199355712 11.3544231993 0
18.6674409275 16.817504813 0
17.6778549173 0.769258449302 0
19.0068170947 2.98622618803 0
2.09388862243 18.6610625478 0
16.2824883831 10.2340879524 0
4.32811310729 14.4919615029 0
15.732611388 6.70848176562 0
4.00787944674 17.0389427714 0
5.86360841781 19.8165862136 0
0.725042809883 11.6803363683 0
11.4259894817 1.99788495486 0
18.2910328934 9.27046998389 0
6.6551955195 18.3455345409 0
6.07824465456 1.28105655284 0
8.27656960007 1.83688835971 0
5.32999938986 4.13877331835 0
0.350321864865 1.56332062519 0
3.58120872037 16.6434233065 0
18.1549648168 2.85650237481 0
15.3374339341 17.9657685928 0
4.45285561584 16.3646253652 0
1.22781339128 1.12034767917 0
10.8007714027 17.5789856809 0
19.4978764538 3.00471424175 0
4.46455480378 16.2683447648 0
18.5847683457 10.8312298334 0
3.13562905225 10.2030051974 0
2.70383503666 15.2909774366 0
2.45541163122 18.8113445854 0
14.2094655834 5.58019075106 0
14.1667038601 17.5181743191 0
4.10375835145 19.8747374621 0
18.07802994 3.48998051023 0
4.65218442448 2.15964446659 0
1.90563691162 2.84440187166 0
5.10150986177 0.344177808363 0
3.12129849272 11.8439888998 0
3.28995766894 18.8996912237 0
2.01814981301 6.98935812795 0
3.28681086996 2.00220422889 0
1.40077922532 8.80576629819 0
18.2039043273 0.757022945422 0
7.6190258422 16.4972247994 0
14.021359574 17.8621225017 0
17.0617110356 2.17247287458 0
19.9812043588 7.78256386569 0
3.08329288712 1.76574585615 0
4.31557461073 15.011619808 0
14.783371954 14.6915736563 0
4.22833534685 18.25242371 0
19.2667199237 9.85508500475 0
16.6587280262 11.8946769276 0
17.4885813399 3.56343440956 0
17.7367190263 19.9568698501 0
9.61052032112 17.4124257944 0
17.5372793364 3.40678896153 0
15.4694295144 16.2929100796 0
2.37680284063 1.47853668659 0
0.921805456946 19.8650992159 0
8.53056373771 17.6876503739 0
5.92761260732 2.48478783329 0
3.82566356199 3.90887410138 0
17.2294544412 9.92183987218 0
16.9823865015 13.2826345234 0
7.46059193483 0.910544252067 0
16.3383682218 5.03656913698 0
7.96030443601 17.4448272415 0
2.1562610095 0.784813803593 0
1.81962383782 4.66306071728 0
19.3470366366 10.1502200597 0
0.0141333683165 9.46482121534 0
14.2340534635 1.58134718371 0
2.51364879583 0.422373247678 0
19.4866487846 18.0466030065 0
19.3295970184 5.26897859102 0
14.1594119914 18.8868791228 0
5.1245945978 5.97680402256 0
2.81298588369 18.9895779998 0
1.57458990897 11.4211608341 0
18.2320109749 14.0279010469 0
17.1110245519 3.26779466165 0
11.3324860107 17.0999756862 0
15.4202631331 13.5743798191 0
10.5417002241 16.0762635082 0
17.7392529036 17.1235610331 0
19.1505999806 18.3549330404 0
19.1498583813 3.61899615591 0
5.51042292638 17.158661699 0
11.1327979529 3.14743388128 0
17.4675492607 0.0629625699043 0
16.0796995582 13.8636799927 0
18.3184203181 6.25004698717 0
18.6952055872 4.70593508362 0
6.41670794702 17.0325566534 0
1.26730523259 16.3981403632 0
