4.58914057915 12.1601637465 1
12.0915261824 16.9261675733 0
8.66263687186 14.166829331 1
15.9287269829 12.4272604698 0
9.38246079996 7.84478590311 1
3.63859236687 15.2247862254 0
11.8829672616 17.8458327887 0
11.619345953 5.73549813021 1
6.01018244907 12.5336192304 1
19.743120768 4.2312664575 0
0.737499178184 1.79919797932 0
13.751582821 8.93920204942 1
16.8171576391 11.8219403722 0
14.7709005761 11.6478671942 1
12.8428654448 6.68046226933 1
12.5390101972 9.0485839178 1
9.93542598413 15.6054034308 1
1.76298575392 6.61083618371 0
6.56209869792 8.82764355283 1
9.37878302937 15.5864429778 1
7.18474741376 10.6787671824 1
7.94976622576 5.99482317108 1
0.558293850626 13.1958542485 0
17.3183948564 19.9669564182 0
15.4799386969 11.4749281126 1
7.34084360977 1.71817427663 0
1.52779441049 8.25900295511 0
12.2755195785 18.2703268797 0
19.5470414979 4.87355752416 0
4.83463486365 19.7610870773 0
1.48564897502 14.8715778996 0
3.13907694682 16.5637942908 0
18.7813573867 2.88293471379 0
13.5967832057 5.37243697838 1
3.73420211182 13.4506352959 0
5.96094931815 11.6300488704 1
13.5867924443 12.4573790549 1
5.07412019599 9.46305492481 1
13.0473401785 14.8048913172 1
10.0040760034 12.2914394726 1
16.4721468692 4.15930352757 0
5.70655204748 14.8493129005 0
0.0989559782956 16.7822837842 0
2.87577034008 8.75713110156 0
1.31006551895 11.8539303378 0
14.1702206298 17.1272850847 0
5.09269718977 10.3530452344 1
10.4196876413 13.6893867952 1
8.6299311713 14.5731413934 1
5.17937675172 12.4733345279 1
2.81328334028 10.4171852989 0
15.193323755 11.5677447697 1
13.4837759891 13.4224501034 1
17.0622198727 10.9602857822 0
12.5889033352 14.1243484428 1
7.25745768024 18.2383165449 0
11.5146594685 2.30102678954 0
8.47821877601 13.1125553307 1
8.72079238088 17.1182034611 0
7.44361361389 13.9163996391 1
6.00574689656 5.85735478212 1
19.0030235327 7.62743993757 0
10.0800419354 2.69891773588 0
18.8113134755 4.27827590837 0
10.8659521214 12.2503659577 1
10.1138004326 17.3731708959 0
10.4732434016 11.4201789681 1
9.09847785875 9.89181434363 1
9.37585401872 10.4045249283 1
15.4532699176 2.43622392819 0
6.42002434802 11.9323173888 1
4.06931980839 15.578059742 0
17.9032374807 0.118300528461 0
8.32503268492 9.06551507123 1
2.60215418647 13.6541902278 0
0.100066012245 15.5473892265 0
12.7102460799 14.6691813125 1
12.7380205608 5.05352623414 1
2.83253207812 16.5648552856 0
1.52061722158 5.47127206772 0
5.04984438302 17.3018600838 0
7.41890006735 3.78561262845 0
14.0643361453 9.76091251572 1
8.16140208297 13.9385677545 1
10.3352776953 18.1605439986 0
0.996367472707 2.38319096041 0
14.3141538807 12.281912294 1
11.2583361452 17.6256742072 0
9.27600283441 15.1687407368 1
7.33885215948 19.4293876713 0
2.24188580327 12.3216711445 0
19.76008462 12.2313596854 0
12.5176360053 8.7998089127 1
10.6820995119 17.970038393 0
4.97442779923 13.9964854034 0
17.4290589094 6.76655813334 0
14.1384795611 5.34373328887 0
4.58655318157 10.8996147229 1
16.1115506793 10.0169845854 0
18.2450993742 8.04114963376 0
10.5979505986 19.7447019095 0
6.15100393626 13.1728537234 1
9.20421908137 19.9280985303 0
7.79297321031 17.5528630217 0
5.46495465361 1.9604117333 0
5.8158172491 6.18693970369 1
6.59762959658 7.93275010788 1
7.84349110708 13.8896541947 1
7.66397514509 11.2220748584 1
10.4478213182 15.3702270325 1
16.7434373865 8.66038671719 0
19.1554442568 7.30068302675 0
14.1931635423 19.4004026746 0
2.26867191124 17.3678999867 0
17.5652790161 10.8509983851 0
11.1999056637 11.6507308452 1
11.2278376735 13.4189030052 1
4.71733533544 8.67028386504 1
12.756978977 7.56132428837 1
7.02001430485 6.59934835062 1
6.40370008754 11.5429664411 1
1.00866647709 4.60726511767 0
11.0026022674 5.96539451221 1
11.1512794374 7.62515122549 1
3.26966016586 1.64718101173 0
5.78977714811 11.2051596617 1
5.93294311117 7.12955539707 1
9.22385169814 5.21228341704 1
11.1586992205 12.2074182397 1
19.6833430979 11.9654998362 0
5.81163774658 14.2254800999 1
11.3538019732 14.8951107825 1
7.20793111892 13.3411109775 1
9.78867053744 3.0450708927 0
4.80041708615 8.62894115189 1
15.3901209422 3.01461660012 0
9.03635252439 11.1874044886 1
9.15987278238 12.6338801439 1
6.08020432805 14.3472156637 1
8.13746856116 4.03769826807 0
13.9577232772 9.38658769274 1
15.5267638999 12.2177053898 1
14.1724906813 17.3823346043 0
10.9990060285 12.6402106235 1
5.71506310838 17.3567075767 0
11.626044809 15.2967959942 1
6.4208422116 9.33507505491 1
7.45679297771 5.28555379317 1
6.65304930742 12.8986356102 1
2.43403700126 8.23970592964 0
6.60797748665 13.3356422577 1
12.7041049928 5.4657198703 1
13.7345195118 17.986389732 0
18.6237282701 6.06329460891 0
10.0627537969 0.997237824244 0
12.5667947003 11.997934548 1
12.5979045817 11.7241413882 1
5.69532143353 10.848919306 1
5.49469362988 13.1978989802 1
15.6591285096 9.1482765335 1
7.56773378391 8.06461480614 1
12.7524863313 4.05598465728 0
2.47894580458 4.31034358144 0
10.0860248832 1.29215639525 0
1.15884375233 4.25399955504 0
18.9322326322 16.7005534792 0
6.98192468957 15.8595001229 0
5.22628735792 8.44581565765 1
17.5315963267 13.4850606207 0
6.60098775298 7.88724288763 1
8.05597037717 14.0081806318 1
11.2765808708 8.69969377602 1
4.37323715376 8.47405159889 1
14.4659769382 12.3753361021 1
13.8348702753 13.9433773376 1
12.3508268451 8.58742262329 1
1.36954610672 1.71792054612 0
10.0584292653 16.9608063221 0
19.737320492 6.70575270644 0
17.982303562 0.70804105296 0
6.92100628672 7.41297257573 1
7.6282194162 2.2168471157 0
8.65465639541 17.7459450527 0
16.488520188 19.6058144232 0
11.4577578871 14.2384727113 1
2.27896228552 9.83065989671 0
0.831071543985 5.47183898784 0
10.59152664 2.82943430246 0
4.75038984563 19.8346281584 0
5.48782433131 12.0513297659 1
6.24805501285 14.0509686422 1
11.2566217754 5.51538047474 1
2.75154704505 3.62324886373 0
14.5050359863 12.2509088574 1
4.67334461086 14.0409813767 0
13.6361831032 16.1976791912 0
11.8691129073 1.48578156242 0
12.814121171 10.294882471 1
12.1157696689 10.1076173374 1
8.25830505171 11.3347864297 1
9.87023946719 0.0113812658814 0
5.75383711708 9.25958401228 1
19.6280510655 7.31998245648 0
15.1700767951 18.7545798259 0
15.5003116153 9.41354021179 1
14.8398129373 18.439021017 0
4.87428528075 8.89210772438 1
19.4959969745 9.937766184 0
5.69139526003 5.84558763418 1
6.00922519157 5.91457342329 1
18.4783419003 3.4651778148 0
8.96603224067 11.2141086766 1
2.29511180698 5.18384584503 0
5.79164192814 6.39454467169 1
5.77069234421 16.255083686 0
17.7833511793 15.6566883352 0
3.77768923045 11.0414906907 0
13.7874510253 16.4325828236 0
2.86371929548 10.1909945013 0
6.04898222078 14.6001985668 0
7.47475621128 13.6917094805 1
13.5202596746 4.75120094758 0
5.60791335994 12.9675842548 1
5.9509125102 17.4201508077 0
8.02940920785 12.8602158078 1
8.61512863647 4.57211525 1
13.1784214507 7.60917949684 1
5.95170748836 8.90074964251 1
0.99280688829 14.7161123351 0
19.2993416645 2.58073037416 0
10.9185532735 8.67707001383 1
6.54099886946 1.63314237228 0
8.19091959494 10.0007858139 1
2.55470629354 19.1031998163 0
4.84049148966 9.18165031671 1
3.88674421438 18.2913241316 0
1.65855129108 6.4646687366 0
8.48793461116 6.40608557378 1
6.53070409356 5.69950839027 1
13.9780008535 12.279563332 1
1.51025404486 6.53963910732 0
16.9395278636 10.0350074382 0
3.90336780744 19.3640208171 0
13.6306976335 11.8552282148 1
18.1886330055 2.30181869544 0
9.73368939017 16.9238860434 0
3.20142335415 0.892075652681 0
6.75944559321 13.8354760559 1
10.835478409 0.117336143041 0
8.04740104592 3.17841958038 0
4.50158254235 8.96905402226 1
15.2301347374 11.8378462879 1
3.73478604456 13.7424381839 0
0.747155162919 9.20280644132 0
8.21648585358 4.74880453089 1
11.9912786191 1.19683046671 0
13.7025303463 14.0655822695 1
8.33168685703 2.94432707401 0
13.1218320766 0.978710651732 0
6.41226787131 2.43843334214 0
19.4300029287 3.00280702993 0
5.24791479092 13.238279388 1
10.6488582905 11.5685326682 1
5.27340813731 9.95486300665 1
8.16872706387 0.615987361751 0
9.28250957259 9.42750769384 1
6.39445936031 7.85518922124 1
4.64188861339 13.6960241026 0
16.3139617217 17.1688528328 0
6.9026618117 13.2919550634 1
3.11605303724 8.60672208929 0
15.6759196021 11.2970074517 1
14.5200545893 13.4368997944 1
19.3175190227 0.894033071 0
7.962448225 5.01581310828 1
5.77762484645 14.1963956249 1
7.66164254292 12.8082586488 1
18.6412725293 15.8709194959 0
18.6811417044 8.37140134536 0
15.0435906004 7.39330129013 1
1.11646277598 18.3662673957 0
8.86651696941 6.82565518356 1
4.96137152879 17.5741325808 0
3.41587270828 12.3888520996 0
15.4870611811 8.80205457973 1
10.612682207 9.65880890503 1
17.5434166798 14.5983949741 0
11.2995797937 5.18667523605 1
5.75762613787 8.72065820983 1
2.74822231666 5.71790819813 0
11.5498792526 5.01989799333 1
15.6509003877 8.70461649298 1
2.17649706265 2.99265345642 0
10.7347698177 6.80079717004 1
13.3221569654 6.9872725191 1
19.1237223426 0.152163903328 0
17.4915525576 1.81778247021 0
5.57597958995 10.4474020409 1
18.1066745576 12.7329136128 0
4.33716968278 17.272854754 0
19.9037486582 1.96993075379 0
10.9824061321 6.87395088516 1
5.82204701165 8.17780334892 1
13.8229934098 9.47415285928 1
6.51876912747 6.6018917614 1
10.1116603382 6.10020389524 1
13.859738199 6.30536077871 1
17.9032366546 18.8058576215 0
19.2262379446 3.41444039046 0
6.9698036668 10.755868478 1
6.91976114087 9.05101651471 1
6.12231081464 8.98399453967 1
11.3989571808 3.04068069743 0
6.06117565283 7.91237126783 1
13.31367551 1.92385140526 0
14.4973501448 10.6992966139 1
12.0469981172 17.3305620065 0
4.62507069828 9.26422299235 1
16.1850428683 2.83469593719 0
13.1925762366 7.19415078266 1
5.14131859605 14.1126884132 0
3.08532588075 13.1200172234 0
12.6504080805 14.4608275044 1
12.7776649713 18.7400559191 0
10.9711922477 10.7709850595 1
8.6406054601 1.84060043787 0
3.55906505774 0.997206283872 0
12.0179031454 5.93933045635 1
11.785568682 14.7631909017 1
14.4464166893 5.538894957 0
4.97801869943 16.9209504005 0
4.96760071997 10.7285338428 1
16.5059152757 15.0602279179 0
11.5292392439 19.7880202712 0
15.8816259598 10.1774487892 1
9.76451114059 7.37631479552 1
6.61275025502 10.3721187936 1
4.97801317926 8.33725884259 1
5.96823365183 19.8743637398 0
7.92856497543 14.3126977866 1
7.2378116669 6.26096051553 1
12.4443137781 12.1097069065 1
5.22728416507 13.6153403879 1
18.1582084615 13.1441897247 0
7.9361252791 9.93140950925 1
13.5062518518 12.8266276669 1
10.542643773 11.168153758 1
8.48961026658 10.3038565026 1
0.440017244422 2.24640654838 0
9.59739212766 14.4642099266 1
15.1824332501 2.7198980613 0
19.9174879577 7.2008965399 0
4.33439204225 8.14019199251 1
12.621712385 3.56725112168 0
16.6066602782 12.3421707425 0
18.5925666174 15.2004583245 0
9.09695672241 15.4807970564 1
8.44766146852 1.22904976165 0
17.1868524736 5.39046656596 0
12.6712435908 11.2464840517 1
14.5447587848 16.6875279386 0
13.4446085768 1.85672209525 0
2.33421382817 12.7297780256 0
7.32937920145 10.6001733039 1
19.5510602902 8.55782363723 0
9.03357470475 8.61795272588 1
11.2492896771 16.3196161592 0
12.2798356715 14.0266310269 1
12.4721886428 6.22496035523 1
6.98051460389 5.62354397397 1
11.2506261421 9.12144095176 1
13.5668257474 19.8746233862 0
17.0481814432 18.955318187 0
10.2991019075 7.89717116135 1
6.47022061815 11.2980129537 1
6.18795865283 9.74374557433 1
2.68029395194 5.8122423213 0
4.42409321111 9.99932396646 1
12.3378379936 7.4057309011 1
16.7179633695 15.1518546095 0
7.48928496239 9.18258044728 1
12.6690873664 10.3826977304 1
2.08586257038 1.80425358978 0
14.3138391899 11.4598899701 1
4.60988761667 9.89764868976 1
3.22725575112 4.09278838741 0
5.65364693625 12.6805434727 1
1.00984202841 15.2502240269 0
0.204474430297 13.7227017802 0
12.7162113402 0.210704949373 0
7.31797322521 6.39951187153 1
19.2537293655 19.2453885689 0
4.77543783126 0.978484906874 0
17.232214515 11.7483944948 0
14.2802868459 7.60534006443 1
9.44540827485 14.7437431389 1
8.41089658967 15.5259651267 1
4.55235877246 17.248428467 0
12.7037909001 15.0725500565 1
11.5685486194 12.1685018395 1
10.0292391273 12.9713825289 1
14.0318594325 7.23724328974 1
15.7686032533 8.36337576557 1
18.9917684536 19.2768804072 0
9.96220526572 11.5343961171 1
7.53804184879 6.89201503786 1
7.73867957539 15.1026057227 1
0.371707838221 11.6150168709 0
15.0239081524 19.9600991584 0
16.0360424602 10.5966616741 0
0.402642370383 4.12609122723 0
3.62145710275 6.85841362196 0
4.68638386712 8.51116296898 1
16.6178628856 12.1529814637 0
12.5701448782 4.9842676018 1
13.2658985938 15.2643496397 0
2.86933281065 13.330290977 0
12.5853710551 9.85592522179 1
6.83481099207 13.4423807681 1
2.77546330048 7.07389318786 0
12.775840642 2.73755354107 0
15.3160405012 11.6939273264 1
12.848397536 3.31580890206 0
8.47508234719 4.32946786623 1
19.9370656824 4.44861110467 0
2.53514445759 8.66969149793 0
5.85586193923 7.39327629281 1
0.132706932298 16.923000111 0
13.779007769 11.5482460324 1
16.3208813394 19.7482522433 0
2.41914451153 6.52698947308 0
14.66649809 10.034727043 1
7.71778965696 10.7000828138 1
10.264930956 14.0182035103 1
5.64087153715 10.3017135541 1
10.8143976789 4.97845167069 1
9.37294851033 14.055761071 1
5.99918675275 9.84834284159 1
2.09510642911 4.77844514911 0
4.45212736729 10.5918792583 1
14.8041746202 13.3228033826 1
8.96202635779 5.47741314752 1
0.575371045014 6.41676777724 0
11.7736126163 11.7429308282 1
6.5285887778 12.4414520923 1
10.129206469 16.0179486458 0
15.0891606621 7.11589804241 1
0.532840063834 18.5106267583 0
11.3689832137 13.4762845876 1
5.1876834806 12.5864709156 1
18.299173594 17.9958704768 0
3.52322260929 14.2101264799 0
5.16555943619 2.9757035599 0
12.782242416 7.28536969152 1
5.80447885993 14.8590714153 0
13.7452088945 13.3185728863 1
6.63895242658 19.8640874612 0
12.2067740635 0.132293284745 0
18.469667203 19.4769593019 0
19.1231594524 17.7034635847 0
18.772175836 16.4203872288 0
6.38664995365 12.3449890973 1
10.8246474761 5.51330316959 1
12.1958959799 4.53172321558 1
12.931352714 0.297000257311 0
5.52190809073 11.7268010592 1
11.8329410528 16.1475445177 0
14.4256500652 17.362615358 0
14.7452654798 14.4191204502 0
0.875416243448 9.72910169123 0
4.265146354 9.92933140162 1
17.8708329948 12.4146986594 0
6.45412171754 13.9770030132 1
17.5427257426 15.1941139258 0
12.2292881228 12.0184834732 1
16.8076837872 15.1122491406 0
1.7227742506 9.19168336765 0
12.1085490128 3.84309669038 0
17.0430750092 17.6906497787 0
6.42355956401 6.10417839449 1
10.2322875028 13.2712942291 1
15.6126144905 8.48983580668 1
6.25909307237 18.9375900514 0
10.3645183386 10.5542273219 1
6.71753507411 9.75843999067 1
8.16505577518 4.87728509028 1
15.5500614501 4.13330793397 0
8.18968307897 15.3950722571 1
11.6636627578 17.0173919712 0
9.87434698479 10.7770452095 1
3.42404745081 19.2701903584 0
0.135867374285 19.9401312836 0
12.0925748533 6.44412127403 1
13.7702606524 7.29709597914 1
6.38217086492 17.0711693081 0
16.7469928166 5.50103912769 0
10.4287551688 3.42979648937 0
12.211809074 16.4247182028 0
1.51254406762 7.10111222185 0
4.2798734844 19.9414789471 0
13.8498356048 12.6714218071 1
7.14478149952 10.1831321559 1
9.15985705368 6.14641976028 1
9.75735469782 4.68686448742 1
15.9862910113 15.22001153 0
15.032859327 13.8502349869 0
11.0767345078 4.44559547943 1
13.1156482773 11.3861457554 1
10.8896340423 14.6972969142 1
4.83430618283 7.24027554778 1
7.26459516776 14.5474023539 1
5.77801434974 13.9086775028 1
18.2475891788 3.3361402656 0
3.66287044988 16.7355664339 0
15.3870566469 4.56758236532 0
9.75825610827 7.31543452551 1
9.66417309741 19.2476082716 0
11.8832427798 16.3373278274 0
0.14413437147 2.70173419654 0
6.33308326983 6.10773617083 1
15.54621826 11.4078662666 1
10.8888129396 2.57727759103 0
9.17752358994 2.653897073 0
13.4323207931 7.13840467798 1
7.55958632544 15.0773549067 1
13.0073637661 18.4550958322 0
2.96866304227 1.48449141979 0
17.3665525816 15.8989475119 0
2.60778211665 12.3903397372 0
10.4589390021 7.04390839807 1
19.0042750703 14.9551494762 0
7.07428325326 1.65851366343 0
13.7911509913 13.5688447736 1
0.319607827797 4.52865456218 0
15.4489204085 16.0849606722 0
12.3750491523 9.72281650466 1
12.9170949522 17.6640022305 0
10.2341597746 4.28992326471 1
6.28421916827 1.05843400669 0
19.2626726446 13.3057360044 0
10.0728428889 8.72081137924 1
3.17698252005 6.82415704143 0
18.8931850627 9.8828306208 0
9.7848606124 11.4368353544 1
13.581503998 0.724803193726 0
5.40216702666 6.37908664576 1
11.4883473313 5.43140294956 1
5.39573289109 9.57267137423 1
3.95924840663 4.53000582319 0
3.20094415698 19.7480813224 0
12.4638052891 14.6162256715 1
7.11939704608 3.88516127396 0
6.66040082438 15.385496594 0
10.5375424357 9.21225884692 1
10.2643470555 16.3431767047 0
19.7181707537 12.337691172 0
18.9250456017 4.98290652346 0
9.26867026203 13.7157037694 1
5.4292397335 10.6450761031 1
7.55249362969 7.21058231631 1
0.71344903022 13.7208915131 0
15.4194395156 17.5350755656 0
9.17490149209 13.8478138789 1
7.76161527422 14.3444799224 1
1.21727210198 1.49102759651 0
2.02352773532 6.90928942979 0
6.04681729227 0.386107027623 0
14.682421986 13.0107427592 1
13.2153961466 7.02478591586 1
16.432947259 13.3761548146 0
4.41708136541 4.80551187224 0
11.9615729207 0.0563851047561 0
0.703366121649 1.71222016452 0
7.65346186368 8.23295494074 1
5.42609757472 11.5792773337 1
0.986541193127 19.1159829615 0
12.5751742818 19.3553322827 0
2.25014985136 7.28323614624 0
5.05964508881 11.9524413243 1
15.7277389005 9.20140635701 1
13.1412468976 14.9825739264 1
19.196116735 3.47814007194 0
8.20243487785 13.5995347299 1
8.62033720614 4.4574219899 1
7.97544598731 8.52873432663 1
12.677041381 10.2373625926 1
1.38578610601 8.33646209277 0
13.8560933884 13.3154116798 1
3.14775139031 12.6433512674 0
7.78974661982 15.6076695645 0
7.28601303956 13.7806685624 1
16.8747517503 9.76998796644 0
5.62865791831 15.6124113552 0
10.2667663606 14.6508743425 1
7.42884487788 11.739661197 1
14.3256656094 11.4376320135 1
6.66166953331 13.4580189922 1
8.23606347117 12.2177520927 1
14.8559639409 11.6401767639 1
0.865448263262 3.96118995143 0
8.29007566607 18.5158955031 0
12.3446114524 14.164036514 1
15.8675991811 14.0222354235 0
12.2422852348 9.88971054138 1
18.0161912912 10.5654468175 0
6.97167640539 0.136436346017 0
8.6949487247 12.3509153331 1
17.4434708595 7.79054142502 0
17.9477286897 10.8214269489 0
12.6976588324 3.6626172703 0
10.0361027441 18.6121328175 0
3.74785279274 3.53040131218 0
5.78139995886 3.36940006145 0
2.13640156775 8.27920554615 0
14.4216790121 10.8579077795 1
15.4744898928 18.3210201149 0
16.0981570959 18.1822906476 0
12.8511533507 15.2105322611 1
7.70608013168 0.371056832408 0
12.2674060193 15.0414098812 1
15.7387598997 6.23397005554 0
14.4968119854 0.324391719438 0
10.3418520443 9.24236827136 1
10.868165449 19.6572616398 0
12.5651541343 4.97296324972 1
0.873492775133 4.78702836363 0
8.03643455052 8.96134129309 1
8.35196093923 18.6360313413 0
10.1274442046 12.7179396834 1
5.32848712746 3.82219170106 0
1.79625996548 16.3927764258 0
14.5920024895 6.18332675012 1
19.5491017997 16.4190443651 0
12.1462296967 6.12535723381 1
6.18773674771 14.8787332456 0
4.83493210492 0.526490024615 0
13.5857040669 18.7505395715 0
8.19511613072 19.2878147009 0
3.57194895037 1.69759475372 0
8.91885798528 2.55011052633 0
14.7734190954 16.5435425008 0
17.532804325 9.71456474387 0
5.11649225445 18.3144276464 0
14.4222358662 13.6394778197 1
0.284963872324 4.68715075085 0
12.626015789 5.72048114571 1
9.01924671284 12.2249802829 1
1.22738461678 15.3549080062 0
16.2581387292 19.8911848803 0
13.4469401209 5.93401567669 1
2.87553537834 8.61396629626 0
5.65388126795 11.208569581 1
18.5015007875 16.3415996447 0
11.0382056784 17.1432138847 0
7.24165968738 8.21003743657 1
5.63254664375 19.7406281868 0
8.36877572141 14.8600235001 1
6.13809350209 12.5005741955 1
3.22227261328 6.57905204797 0
9.78549051735 10.6320894371 1
19.9715078487 11.668794517 0
16.5644268868 15.8737458401 0
2.11999882393 16.8820180758 0
5.48085396951 19.1902163842 0
6.04329884325 13.2133431514 1
8.59724543915 8.59648062982 1
8.03133954532 3.27493799154 0
11.7334251681 10.694037073 1
13.6985800983 13.2409517573 1
11.5753781056 10.038277267 1
9.78795283283 13.9697683754 1
12.9212440366 13.7528635297 1
0.626873055437 9.55617096527 0
11.8289281662 10.1521178504 1
14.3045778278 8.00837949893 1
1.43002260696 16.1714093927 0
7.75609566445 7.84858973023 1
14.6019616045 10.6480635456 1
4.38827538278 3.34584511413 0
1.54850565863 14.6205707339 0
16.8115561803 6.98364186751 0
17.1014529967 2.22608641408 0
10.5054516309 13.1001248169 1
10.7910111857 6.17738039956 1
2.98619486586 14.3213701761 0
5.53614682922 12.5741157585 1
17.5322157717 1.01375845082 0
15.3887719955 14.1710135245 0
13.6694510109 8.32618636957 1
5.92749417197 1.23832149464 0
5.34030050495 11.6660904622 1
8.4123122334 2.87838831042 0
4.9089892536 8.27466270919 1
6.00872473997 4.93606931726 0
7.66451921384 15.9381076957 0
5.80324478535 3.6776379714 0
1.53664483305 0.865427624517 0
13.1647696018 1.79619621938 0
17.9337667731 2.67627575992 0
6.82011413164 9.69150762059 1
12.3898320805 0.959735128686 0
9.39759352599 14.9364935144 1
1.67663968338 14.4560498712 0
19.2231656412 17.5216571621 0
1.31361951346 14.3285610502 0
16.2746781942 17.6876780844 0
14.9301486386 9.2429837446 1
14.2851731024 19.1719035865 0
10.0204910922 4.76724043881 1
5.21668096678 11.5862715081 1
12.9319884841 9.33766282221 1
19.8538070149 19.4403503616 0
10.0185531396 12.8731908487 1
2.72368085293 15.1970712012 0
4.82969297023 10.038451336 1
19.5596159657 14.0812742404 0
10.6114035785 10.6928647632 1
11.9648051666 16.2061232454 0
11.7626656237 15.2713702038 1
12.2968999224 14.0764189017 1
12.3667900482 6.56994784012 1
13.1082253311 7.40091602677 1
8.56008756698 11.5980300918 1
3.24185007147 9.20655200274 0
17.9677098308 13.5967207235 0
17.2329437444 15.8041165086 0
11.9245770738 6.3236689939 1
9.86935846509 6.13991848132 1
0.717096789278 14.7401883388 0
12.786727134 13.8636103578 1
19.7287903214 2.98353277491 0
19.845264856 19.3773247649 0
18.2475567668 17.3738250083 0
2.73398584623 7.9124573682 0
3.61911233144 18.9924987854 0
10.7092016691 10.1459167767 1
12.6549131037 7.8946831925 1
9.02827202401 0.973678522077 0
15.6373799074 19.2600401318 0
3.8310859762 14.341685631 0
17.7306579038 12.134110306 0
12.967957848 14.9255769567 1
8.31580757272 12.1746900999 1
8.3973558952 10.7749973178 1
16.6171622685 3.72849431213 0
11.3393293542 15.2881098463 1
11.5573843649 8.39742235045 1
0.991955537572 2.58902322294 0
17.6629196719 6.34998170317 0
16.2369411816 19.1978442689 0
6.9718250888 14.7007983109 1
19.5468025986 15.8225081807 0
12.4334860055 6.53082628731 1
10.6318577308 7.04066902401 1
13.9167846698 9.7873922437 1
16.7793313141 7.27912389352 0
10.2285435862 8.5585208212 1
11.3254514115 4.71503218012 1
4.03693686197 5.61337343151 0
7.10093083037 6.34323062964 1
5.13360295891 7.60074360075 1
4.88789057658 14.5273295105 0
7.96302646359 9.1847354646 1
7.37813295399 9.15126649784 1
16.3253138578 16.7190211093 0
12.5301056524 1.59568761787 0
0.797550041265 7.2833765792 0
10.3133214597 14.0125522914 1
1.10828300131 1.53416037231 0
7.18471931378 7.75861889273 1
10.4663095643 1.11430026716 0
17.7193400659 4.84123775678 0
9.8576626572 8.21171817279 1
13.5126317937 11.8035747385 1
10.7589603854 13.8854568759 1
11.9519413565 12.5073934701 1
8.20589452528 19.8319613699 0
17.0841218598 7.32295404258 0
2.10566627259 12.8833977842 0
14.3432187803 10.6206629338 1
8.17022666768 11.3899536824 1
3.47318066613 1.06338552832 0
15.6820015868 11.5675589597 1
16.9565733144 15.7204630661 0
14.0825496913 9.36721849013 1
6.43000130599 5.62933191241 1
8.45336394619 10.6667685896 1
1.24666572732 17.5636976407 0
15.019635467 9.34375880019 1
2.82049734801 2.53266324264 0
11.6932646273 14.9504614017 1
9.11021185821 11.8333626123 1
7.51172790615 16.4265650855 0
5.33604735182 2.73619283121 0
7.48279152426 18.1011111193 0
16.8462880622 0.290427478674 0
7.40319547041 17.4511996204 0
3.11044590517 18.479813174 0
9.17334523469 17.0450530904 0
10.3688269433 17.9621229144 0
8.98411544684 18.5627152026 0
15.119128471 9.67490861203 1
6.06413140514 6.38880482342 1
0.663012957852 8.36347676736 0
15.3937007855 16.9278318609 0
3.90894735563 6.92183979042 0
12.1736138522 5.77055760744 1
13.9403174458 13.2214210631 1
14.8097999779 11.4575017489 1
15.938816217 3.51275853281 0
8.95842974716 12.9115207709 1
9.65388855239 9.72441728071 1
8.33218139152 15.0165612973 1
12.8221379874 6.15146939841 1
11.4799814547 16.4204536483 0
5.05156852122 12.0136899101 1
6.59928479314 10.6051855042 1
10.7517144408 9.28753237865 1
7.48863734451 11.6942308748 1
12.8924017036 19.564869603 0
5.19891667879 15.5075362497 0
12.8185424061 16.3309968876 0
17.7419186615 12.0093131167 0
16.659200007 3.09511095206 0
13.4846115059 7.8253759436 1
8.28616099704 3.03443356005 0
18.5709361868 15.9901293684 0
13.0530035405 12.6990737744 1
14.490967867 15.5900910458 0
2.62170124905 6.40502325041 0
7.66328011924 10.3249004125 1
7.48328945199 4.78644669269 1
8.75299450151 12.1787802802 1
4.77007810712 9.06767085548 1
15.3106510808 8.11650874155 1
17.9442981899 15.4992040551 0
7.32717126104 12.763904451 1
8.8484604347 17.904692294 0
1.26376552384 10.2359429815 0
10.8396167646 12.5292735897 1
5.99587057892 12.4812699493 1
3.80718020304 15.5970066588 0
5.48814013187 13.4973935843 1
10.5040236649 4.06800463112 1
11.3515982454 9.76416357119 1
12.852966576 2.82779271528 0
2.71418747453 9.36489344946 0
8.60959582505 8.22750475382 1
10.2575093852 4.39759228489 1
4.95573840827 6.77095475525 1
3.53840594673 3.2999226992 0
13.3230208855 5.56993641124 1
12.7802801549 5.72962390854 1
11.5161465676 8.89239198347 1
14.139911049 12.7672195101 1
13.812647621 6.494936147 1
14.5290032963 10.3009162881 1
10.0658913771 9.01196980659 1
2.0447076977 6.80200289982 0
10.9578929643 5.4178097301 1
15.8829328743 7.28167090227 0
7.17755466892 8.11088798781 1
0.0504698451942 9.91294588853 0
10.6017438085 11.7468648202 1
9.65297617058 1.95040236385 0
8.81627810137 11.9114336316 1
11.6324208668 17.4509066296 0
6.92728468142 16.6913438446 0
18.4893648873 18.9543914389 0
11.7844121609 9.31843646294 1
16.9324272539 18.0373402694 0
12.8049566047 10.1339151897 1
15.0814062473 9.58257267975 1
0.803517367344 10.9731424524 0
4.5729698602 11.313556272 1
11.1217358947 6.90288022495 1
13.6222281602 2.77449503175 0
9.00325425901 12.4511952124 1
15.0965571848 7.81320408311 1
7.44986916503 10.6016017173 1
13.8635706766 5.46631294546 1
2.31781547739 6.45938795868 0
10.2298097523 12.3632180421 1
4.60198008281 11.1048490067 1
8.97293332713 9.44120872794 1
5.48047527169 2.14451190036 0
0.66356467971 12.139245727 0
10.4270167746 8.55905578092 1
4.58168481532 19.7276734065 0
5.96631441673 9.75073908148 1
14.045908177 12.3088600601 1
8.90524163289 11.9835213943 1
11.4810489433 10.4594408901 1
6.16535070372 0.498311814528 0
17.9454975189 4.5043574256 0
15.4738135931 3.72534444566 0
16.5286038134 12.8506085917 0
19.8044082345 3.07176910897 0
16.8729943677 9.92903637607 0
11.3082592682 4.46792465476 1
18.7522378078 2.36287292232 0
6.7497533564 13.2029553343 1
7.50438535962 13.0482259799 1
7.11451927029 9.2126208122 1
12.589702056 12.5260943201 1
1.47629663468 6.70726132654 0
7.45762179129 15.0610535067 1
0.358631622925 8.56608090943 0
1.65242940348 0.893763096463 0
3.13958473332 13.6443697365 0
11.2471040689 5.69410033435 1
19.3637356274 18.5123376939 0
10.4256238433 4.11828463764 1
6.14696075942 13.7155559263 1
16.5901604713 1.41023285742 0
12.3953066668 11.3615072277 1
19.5049866478 15.0595562354 0
8.78932533913 11.382170314 1
4.30081047151 9.84631237395 1
7.98823328955 16.2252663416 0
11.7518565762 15.5865821495 1
1.91332677586 14.3067095105 0
8.30787713231 15.5422866395 1
3.17775881418 8.68003601452 0
9.25970664792 5.56110888393 1
11.6567548967 12.5141910603 1
4.62436955408 7.49227943002 1
14.7912571303 7.2105142954 1
5.77700662964 16.9624945752 0
12.8918691931 2.63256109294 0
10.811888212 8.38933136153 1
9.52559839591 9.71979632843 1
13.4279901517 1.19256291013 0
7.3192789052 14.7193155854 1
10.4182493651 5.75357561108 1
4.09420175042 8.15460425382 0
15.8654673865 9.94640960408 1
10.9335721063 3.81442480042 0
5.94945562437 1.39005240808 0
13.4475578396 8.91088475739 1
16.9623868076 12.2907102723 0
6.74432386612 13.056539346 1
13.4226941835 16.3048683191 0
6.21052831427 13.8986868648 1
19.493744439 12.3457246189 0
15.205996313 2.69442248828 0
9.85380493288 11.4845782156 1
0.846860347468 5.26042564033 0
5.68517002681 3.01340135864 0
19.3457390484 0.0453197161362 0
2.54273654667 3.49990016727 0
7.56903027806 13.4349365724 1
12.357900393 12.8627321788 1
4.90536187372 5.80467316263 0
1.57360543444 14.7018606767 0
18.570985187 13.2957220799 0
6.85108605161 10.604754826 1
4.43856886185 11.3726526083 1
4.8285167079 11.2264923349 1
3.13863718908 10.8613593182 0
4.08810590066 19.0910798912 0
5.62882363962 6.34459460728 1
11.5882254527 9.90479702742 1
0.204540848294 14.4136088865 0
19.5883556045 0.587784101007 0
9.79406953542 4.04302943741 1
8.97337792109 8.85592971321 1
9.10341263303 13.3485164386 1
13.3380251118 13.3726183052 1
9.37990493156 10.2985375349 1
10.6245496656 3.00482771728 0
18.1813204221 6.03151644903 0
7.08624883553 16.0738778682 0
14.0011959917 12.8397339357 1
4.44664921304 4.06209635691 0
1.66487754083 4.52719842634 0
8.05313507854 9.35282886466 1
6.98297179756 1.74506250861 0
10.877188033 1.07666801343 0
18.7627195711 5.12233756284 0
10.4853212273 5.71123435006 1
8.98057172652 7.38759461893 1
7.65250311647 10.4497695934 1
8.19312100188 5.17063609471 1
2.33584200747 6.69766786412 0
12.0507593701 8.18137418285 1
2.3274928387 18.112167191 0
13.2246193545 6.65039717407 1
7.15968158962 18.3289031695 0
9.06930278779 7.34189641175 1
18.6223353464 12.8717026718 0
7.70291053814 9.90886196824 1
13.793228284 1.88717597721 0
6.16829511325 11.7369426027 1
4.64184776602 7.30436148919 1
13.2014000895 18.1604271745 0
10.1322254631 14.729769425 1
8.20410154273 15.7386125143 0
8.17010492823 6.24222672211 1
19.3185854531 7.68675825126 0
