4.43891386248 17.1327389881 0
5.51222204386 17.2919316085 0
4.88536268286 7.76098586943 1
2.43648687057 4.8609166993 0
7.41365961255 10.4641614873 1
10.6225291394 8.29536000817 1
10.1691053758 8.77436289172 1
11.0806505059 8.4983390095 1
10.7680642805 3.88045186819 0
17.8285707947 19.9912714161 0
9.55846104549 14.5351587146 1
8.56382083246 13.3125200798 1
13.130519154 10.498382719 1
8.39023816153 15.3001879215 1
1.06799557069 6.17011801274 0
14.4471167065 0.562754572521 0
15.0525066532 5.81379089053 0
4.8157626588 7.66777874405 1
16.7283546672 14.446968224 0
15.0632770345 11.6802323186 1
11.2852585674 12.4195667881 1
18.5455609639 8.43890038475 0
3.55355140181 2.25409717804 0
5.78154318126 10.0261867744 1
12.718726535 12.7961133087 1
10.8326722537 4.5930272263 1
2.04645284438 14.2422646074 0
18.2507895263 1.92893847867 0
14.5691513282 12.0290880137 1
10.8067436421 14.7459491574 1
15.9399120725 5.32721497817 0
3.54451528042 16.9196650691 0
6.43450346968 6.8671282545 1
9.50986841057 15.3867842853 1
15.7716284811 10.6441132889 1
4.68563506006 16.6279694134 0
19.2071119837 10.7763559908 0
13.1291060136 13.8566524314 1
13.5254356543 10.1121474139 1
6.98802844507 9.0529154557 1
2.7126454039 2.2141652905 0
18.294180795 13.4292813911 0
19.571106901 18.3597727148 0
15.6484135865 9.09779628888 1
6.7772420715 12.4950887631 1
18.9025884707 12.7368766759 0
0.888438244448 4.34990713427 0
3.91467571866 4.26553846011 0
19.6026430288 10.0482872215 0
13.8816318683 9.89345543473 1
17.3252950155 3.55268036988 0
15.6215556301 8.34183061609 1
9.39546569538 14.2181036076 1
13.8026573133 14.5105216486 1
5.9720144597 8.57983935861 1
17.1101971226 5.61850746981 0
18.4833684035 5.33244540608 0
3.63741099554 1.30587420138 0
0.743620660206 15.7523884141 0
2.18725189086 0.655330916426 0
4.94658608218 0.592024602788 0
16.0860114354 14.3383708609 0
16.398059619 13.9503817014 0
18.3579439478 10.6240734823 0
16.1943422784 17.9095628331 0
8.56841663182 10.0057839393 1
10.6018331646 1.30819017292 0
5.72857364431 8.89905211686 1
4.32283603888 10.8309552399 1
3.94746627935 0.893048256722 0
8.14175349296 12.652799071 1
10.6969983839 7.05621010523 1
3.22360374352 7.54682441726 0
10.3800264899 13.7852024877 1
19.6971007951 16.0597636915 0
8.9579308251 12.143428871 1
16.071181272 5.15730624079 0
18.0513620461 12.3784405423 0
17.590334771 1.47853464493 0
7.32012924509 8.42042295197 1
15.594494759 2.0139875158 0
3.33176413766 19.426272045 0
14.2077722412 5.23074351334 0
13.062404129 14.3397072619 1
4.09052325572 17.9896114202 0
10.7101611591 1.04191676845 0
15.017902742 7.60469942744 1
10.038906332 13.8972619074 1
9.5924330763 12.0861375831 1
11.4680765426 10.4564051951 1
11.6965438012 10.6401331513 1
11.5036815592 2.6171661541 0
0.941783098836 7.41458047726 0
9.21764255448 13.7733291894 1
16.0412725248 13.5627894139 0
15.5999889018 12.0282959458 1
2.24816562686 12.3807155914 0
16.1652842829 0.227826512603 0
11.4959442996 5.24556876599 1
13.1810000249 10.3271059845 1
7.31472330044 16.747930386 0
6.48552072098 14.4778361039 1
0.916733760714 2.4451583947 0
6.99000279492 9.10062950693 1
15.0472698134 2.22126730988 0
13.910431978 15.868143395 0
7.81303425296 0.698602201761 0
4.49590394677 12.6787255853 0
12.3067637121 0.755030935154 0
10.3058547707 1.10362093489 0
9.42265362066 14.642354191 1
15.9806229698 0.480407636455 0
6.68259541076 11.0593276556 1
12.3078328724 6.95026511579 1
11.1303375727 7.35153730079 1
18.4073028899 9.22241343496 0
16.7973840422 5.22465906918 0
8.71356702421 4.29276101417 1
7.41581062747 13.1473397612 1
14.4708359821 12.8435979063 1
1.90335680123 12.0145752068 0
5.69847672418 6.35166509385 1
11.4219074273 14.7955014314 1
2.00350254237 8.78537392224 0
1.3352347092 3.39182827477 0
5.20688850422 13.3891406268 1
12.2332287451 14.9368476725 1
5.6737616019 16.8501398857 0
19.77408443 1.56316945436 0
16.8285483423 8.20722160945 0
16.0823594149 13.0830551611 0
17.0352370767 18.344348785 0
11.6793098189 9.64396695412 1
6.96147570312 16.9311130042 0
3.22045456316 0.123522578337 0
8.65729600387 4.9616177977 1
18.206669817 11.3494699803 0
6.36886821485 7.41146118101 1
14.6051975909 17.9890612684 0
10.7470330327 6.79240176316 1
5.37819240746 7.65340258549 1
5.48270860142 10.8840413335 1
12.3520824849 14.4231209371 1
10.9949488462 2.59732337675 0
4.40206549409 10.9308362507 1
4.12945843925 13.6023020197 0
7.28399554043 18.2151076711 0
10.5160980314 16.7432868173 0
19.5403550631 14.453135964 0
11.6791859417 14.8164639033 1
18.1290615984 12.5313329073 0
11.8314538219 18.2410484794 0
15.4775880429 18.2249349961 0
5.86187031552 6.64883098278 1
1.21780509264 6.75708759915 0
2.77591741702 17.6463702374 0
10.5413430689 2.4481674993 0
19.6906123337 0.474591502663 0
8.34940212057 0.852639537175 0
9.69850137303 15.9523204816 1
11.4527319855 17.6177038648 0
13.2459932573 6.04428430029 1
11.3366593997 1.33743631522 0
6.65367830919 7.82692009934 1
13.0177763748 13.3177295287 1
4.74195092666 3.3255756206 0
14.70265373 7.88730605361 1
13.7527872938 13.2794055779 1
7.25912979738 4.46466118027 0
7.16437739588 12.488200124 1
5.32380330263 7.82135979336 1
5.8555094226 16.7639047362 0
10.8317253078 10.9551770827 1
12.9270023896 9.44816543398 1
8.16397777007 19.1093159071 0
12.3606455175 4.20865986384 0
17.2115685221 14.0237489839 0
1.62190614474 10.3323188601 0
14.5329752232 8.6488693843 1
2.37953126453 0.14650314716 0
0.147254656939 14.0581032412 0
12.6433505741 14.8701336451 1
1.67373927576 3.2672566151 0
19.5754066301 7.67086618207 0
7.43073138794 15.150111496 1
18.4560421624 15.5982546403 0
6.51784918347 3.94395148801 0
7.75868439653 10.6356875811 1
14.0741774398 5.6813300051 1
6.32490080828 10.0312409304 1
7.20295270694 16.8624788836 0
2.7963808712 5.97561985697 0
14.7232182072 9.88963876 1
2.86085433615 2.71137264124 0
15.1537587281 4.30636178655 0
8.64618547607 11.3266960099 1
7.65940944172 7.71035606374 1
5.21968431771 16.7007156704 0
13.7309950171 2.94798164608 0
11.1534550322 12.4927738897 1
0.420469007456 12.9471715672 0
10.8950109473 5.57994854985 1
8.39227146072 5.96994998993 1
9.14078841766 7.53772113489 1
8.46660843313 8.92600490991 1
8.92118707921 2.72292811195 0
8.38905476001 4.30121578155 1
7.87460376445 6.31714580276 1
11.6832212507 18.1289913316 0
0.444431249065 8.15955567916 0
8.47403058221 14.6102059922 1
10.6545538089 12.9432105211 1
6.35070816454 11.5528945087 1
2.39398061396 0.972863277509 0
5.28636922991 12.3687942426 1
18.8792235313 17.8650840168 0
14.4524821097 8.58837559709 1
11.1960032818 10.2107567572 1
19.7179598159 17.1475331997 0
7.06262347091 17.7746728412 0
16.9569912501 13.2849416995 0
8.26600575654 10.5246851724 1
13.6609851741 9.1106645862 1
6.78079241831 19.2058578469 0
15.5721996604 11.2285398351 1
14.8643274763 12.481224592 1
13.3223993917 12.8616834284 1
6.08963003037 9.99383413443 1
1.62359524952 1.92094809754 0
10.2129963672 8.30982483943 1
7.39056215985 8.53421983848 1
14.6080883366 13.8933485693 0
14.9418198365 4.41825149687 0
4.42579202453 2.39132441991 0
11.264971366 6.36797392871 1
19.7542156823 5.17253431026 0
15.3788146669 7.66835921803 1
16.5214937803 12.6059550086 0
13.2957947879 8.506970168 1
6.85542086311 6.27171530736 1
8.64797531063 13.9720971135 1
8.9875842808 14.0746277756 1
8.6929102186 14.3655215349 1
1.87100642115 5.69688286243 0
18.9056839009 5.59723060711 0
10.1732779063 18.9162902518 0
8.82553270933 16.3937868682 0
4.16245155635 5.8111820293 0
0.24994054648 9.72794775886 0
2.71359451393 2.58840813597 0
6.54544975239 14.278944386 1
13.5071006521 14.9861572971 0
7.70687858182 14.3279414964 1
8.85886108421 15.0064754495 1
19.492193283 19.5939335292 0
5.3958091627 7.754934762 1
3.91485298533 0.50590289582 0
12.2346767607 5.79881594142 1
9.48139352901 10.092427041 1
18.5454317822 13.9743864503 0
19.914130641 19.2092952256 0
10.5759599503 11.7556362891 1
13.8361255887 7.58726760212 1
8.20235599254 11.1361335542 1
5.41062385473 8.1484563184 1
15.113983363 11.1714203827 1
8.92285191421 1.65625174743 0
15.3180423868 5.05954095359 0
17.1318003685 1.11366252097 0
13.4070966659 15.011063551 0
6.19652384911 6.48987860609 1
6.01731386509 7.15959290297 1
13.7563792245 10.0888523983 1
2.23737215934 10.6737517186 0
4.23422090217 8.89378871285 1
16.8194305827 14.938429668 0
16.2108530966 4.62309201208 0
1.42602841957 6.64343828422 0
8.55955145023 18.9147112919 0
17.5769531258 13.8823743074 0
0.47095492096 18.8397947889 0
11.6993791556 6.12519194945 1
8.27408774659 16.7918012884 0
16.6132924273 4.82377002439 0
10.8509526937 17.4208599138 0
7.8540516989 9.60245566711 1
14.9082423119 15.3525389618 0
16.8657068517 8.10137170469 0
17.7121979725 17.6146105211 0
19.4593004031 4.55969771064 0
3.48994261268 4.98700060387 0
12.5332278168 12.0423381412 1
1.92746836906 4.80609021375 0
6.04366704588 14.3098182125 1
11.1363540027 2.26313807595 0
12.090505757 13.5815122384 1
9.70431995626 11.9362720358 1
12.4517199988 17.3216895521 0
5.07081824304 9.71111982133 1
13.1619629735 6.15609758498 1
18.0414492475 13.7417640649 0
12.0254716338 13.4046431263 1
7.537617328 13.9346383238 1
13.4450141482 12.7702902341 1
7.08790555274 6.46880996407 1
19.787030209 8.10685249395 0
3.02161145461 10.039323316 0
0.854770641157 7.26599954301 0
8.36077696954 12.5650411897 1
9.3292869617 14.4364501626 1
19.3660813624 2.40955916801 0
5.43674539887 2.72415036826 0
13.8679701543 13.1114467989 1
13.5047848842 15.5240532801 0
5.77827201613 3.07607242736 0
9.42328540265 1.49184630814 0
6.56362814853 7.28788033839 1
10.401306501 6.46597985884 1
10.2951312909 9.79101875468 1
6.33622448434 3.15010239502 0
0.570708749265 14.9406859101 0
12.1163243445 19.1353954901 0
14.6816813441 11.3227611806 1
14.3296178556 5.24688530049 0
5.71021509028 17.9590091334 0
6.93875231986 14.9140917327 1
6.04190450012 16.8079107225 0
16.5134837302 6.91749409223 0
7.21744018727 8.76376813599 1
12.4684859557 10.6802931702 1
16.0489563762 4.34901242561 0
6.85107034634 12.60972416 1
12.72392497 7.54889086393 1
10.670477915 8.32298434468 1
11.5318806712 7.35934468637 1
14.4070072259 2.10405244268 0
16.0046429437 6.06873368752 0
11.7701725011 7.30812582216 1
6.71235342271 14.2341062188 1
7.99513217025 4.62225683668 1
8.00304057484 7.00939852314 1
8.20660074081 17.3042872679 0
2.41414304261 11.5905229206 0
13.4596746724 14.9076790993 0
8.05707710854 12.8823448408 1
10.2166029753 8.19265879049 1
7.72508100328 13.3907353679 1
18.2176444536 13.2526749362 0
4.43271433278 9.38668602221 1
7.06692679906 7.06956146299 1
7.5312490143 1.56627895548 0
11.1662518457 12.2755133964 1
3.17552380894 9.74969952225 0
18.0852734433 12.4144537252 0
14.8973290386 15.7174315487 0
6.26390131392 15.8719644858 0
10.0802127506 14.0990488188 1
12.7134442199 8.01647246336 1
9.44331381722 15.0853698992 1
17.6951502187 16.7560333439 0
13.1769420921 8.80248502329 1
18.0750119576 3.56005013931 0
5.72805261524 3.13565573124 0
5.51020363044 12.6382835821 1
17.6878131133 8.56964559488 0
2.53966962035 2.67741958017 0
16.5876242753 15.4595025431 0
14.8735079248 12.0384363417 1
18.8475958751 11.9257190532 0
15.243850415 6.9789854239 0
17.2946078118 1.47991768904 0
10.5317974433 13.0727688605 1
12.1513197399 8.43051089207 1
8.41159627238 8.08512465052 1
9.79812392616 9.33931791755 1
11.3178634917 7.29230008623 1
9.52025350301 11.3463745684 1
9.33109393176 5.74243882292 1
0.763165638412 2.78881024702 0
6.03999383508 12.9914016482 1
11.375321284 9.27968977514 1
9.43838898662 0.338545698937 0
6.40012191095 12.1595620894 1
7.19724601033 10.551230123 1
12.9222638404 11.7941987613 1
6.84839755672 18.0072497097 0
12.1006359593 15.0851849383 1
13.9405175357 6.66265433195 1
9.98578921289 8.82517894328 1
15.7318442453 13.7080067685 0
8.95370825089 9.06198691333 1
12.3092737021 6.34350912452 1
17.4924027925 14.9429286628 0
5.91320294349 7.90529467302 1
18.2804616873 9.21437730936 0
0.507677452066 9.89390457085 0
19.4560890955 13.9251770144 0
12.6981781856 5.10832560685 1
10.4125468784 15.2714234551 1
18.777803814 7.1216986536 0
9.65010222568 11.6104083772 1
8.14091001202 7.96860194197 1
9.61554246569 6.88910670525 1
12.2354612807 10.0910193296 1
3.34273379321 4.55656125146 0
9.44207338779 14.6962671384 1
18.5034151702 9.00573350453 0
13.7670256428 10.4528049665 1
7.007394386 9.02213771329 1
13.5067134272 12.4158403649 1
2.85456780569 15.3408646897 0
11.264930717 14.8422471869 1
2.61159229811 2.81667044695 0
9.27686255489 4.48638294972 1
9.30504027787 5.74907169434 1
5.99855528905 6.33067895799 1
9.36770518024 13.5467068716 1
7.57038134151 6.52238340252 1
12.4128766865 13.9896358423 1
18.2476298932 14.8119592714 0
8.1210245971 10.1942378745 1
5.23840106979 14.774918596 0
1.88507733302 16.1572047535 0
6.05840830996 5.81524342911 1
5.70582649259 13.4063807834 1
1.11297580787 6.38666544731 0
11.9780901261 7.26152971588 1
10.5370519044 7.93084959259 1
13.0204469152 17.1164025777 0
9.12683002719 7.45047552962 1
8.09596174241 2.08074098124 0
11.5270492549 7.90788457317 1
10.6091063915 18.8151791427 0
10.9455943444 4.56360606254 1
11.319187253 10.7497893353 1
9.33499820497 6.9208456409 1
18.9348587121 0.765137964753 0
16.4051051939 9.29982416896 0
7.58222851791 10.7030903934 1
7.75699018015 11.4623362386 1
11.486322079 15.4590188914 1
0.776325764101 6.54408017977 0
1.62075274991 16.2811413193 0
9.3844842344 12.9617011615 1
5.95671206532 8.50307081329 1
18.3941016009 3.89337513254 0
17.5623167061 6.51715255583 0
12.9163902639 10.4571123726 1
11.4003772016 9.12904154356 1
5.28432985761 9.82680814754 1
9.21757827464 9.69033584486 1
4.29462108066 18.6991984754 0
4.66466004536 17.060590123 0
11.4339435019 5.87257522932 1
8.4959372698 14.9280219587 1
14.6966648288 13.6472314992 1
14.4297324553 5.69834768045 0
10.8492330797 14.6212032463 1
2.70759704551 15.0753159248 0
11.355949781 5.60164313219 1
10.6212169739 13.2231808644 1
11.597717964 8.30536956875 1
19.741371575 0.189572399335 0
0.127339362737 13.2062090398 0
11.2430927588 9.58538238257 1
18.4716621221 2.68380958977 0
9.13992113459 15.046700148 1
15.4385445003 8.29069970704 1
14.3999864266 2.88907254469 0
13.5265475717 7.86361702016 1
14.6663092204 4.33364251102 0
6.31758350446 14.1611399985 1
7.72540312844 6.75070969419 1
3.82997276395 15.203014822 0
15.827322344 17.0582448149 0
8.11354188604 19.389201556 0
5.40968800677 4.91626405609 0
13.8684877756 15.5375672876 0
11.9255937407 12.3918330297 1
13.4018945799 2.57478386465 0
8.10599306832 5.56380550636 1
18.6726096424 18.3530375483 0
10.7120541243 11.1117351664 1
6.71476609832 10.3916107682 1
0.960538433487 8.24586220673 0
9.50676299072 5.26987505377 1
14.1559393921 19.64654226 0
10.6177462985 4.53719128307 1
10.9849775567 14.6029647488 1
2.82172522779 3.43156051332 0
15.7282219318 2.52791886599 0
4.16885465709 13.6488643962 0
7.55532186683 12.0717716189 1
1.64163788369 16.2064998673 0
1.39972922937 18.8574881026 0
0.253923031483 15.4591703902 0
15.6549818748 14.1655388131 0
18.5194575562 3.21406287451 0
1.45961015847 17.7902712288 0
2.01780223615 7.43838393221 0
